,0.0001,0.001,0.01,0.1,0.2,0.3,0.5,0.75,1
0,5056.0,4976.0,4966.0,4546.0,3986.0,3475.0,2459.0,1312.0,0.0
1,5056.0,4975.0,4971.0,4598.0,4194.0,3935.0,3866.0,4009.0,4960.0
2,5055.0,4984.0,5127.0,5978.0,6491.0,6624.0,6548.0,5969.0,5040.0
3,5055.0,5028.0,5440.0,7602.0,7526.0,6791.0,4791.0,2449.0,0.0
4,5055.0,5089.0,5913.0,8231.0,6959.0,5740.0,3941.0,3264.0,4960.0
5,5055.0,5197.0,6535.0,8043.0,6402.0,5397.0,5052.0,5581.0,5040.0
6,5055.0,5340.0,7221.0,7682.0,6366.0,5820.0,5312.0,3325.0,0.0
7,5056.0,5505.0,7940.0,7385.0,6615.0,6155.0,4678.0,3128.0,4960.0
8,5062.0,5705.0,8548.0,7249.0,6807.0,6005.0,4693.0,5008.0,5040.0
9,5071.0,5934.0,8977.0,7243.0,6757.0,5897.0,5048.0,3855.0,0.0
10,5089.0,6201.0,9216.0,7291.0,6701.0,5922.0,4921.0,3280.0,4960.0
11,5107.0,6490.0,9307.0,7347.0,6695.0,5953.0,4788.0,4504.0,5040.0
12,5132.0,6805.0,9335.0,7428.0,6660.0,5992.0,4955.0,4093.0,0.0
13,5160.0,7143.0,9324.0,7497.0,6613.0,6016.0,4974.0,3514.0,4960.0
14,5191.0,7454.0,9263.0,7528.0,6624.0,5982.0,4883.0,4148.0,5040.0
15,5232.0,7758.0,9199.0,7578.0,6636.0,5939.0,4967.0,4155.0,0.0
16,5287.0,8079.0,9102.0,7466.0,6695.0,5903.0,4971.0,3687.0,4960.0
17,5344.0,8393.0,9014.0,7383.0,6714.0,6008.0,4839.0,3952.0,5040.0
18,5402.0,8688.0,8931.0,7386.0,6758.0,6080.0,4895.0,4227.0,0.0
19,5472.0,8932.0,8851.0,7403.0,6670.0,6015.0,4937.0,3847.0,4960.0
20,5542.0,9110.0,8792.0,7410.0,6532.0,5918.0,4833.0,3820.0,5040.0
21,5615.0,9259.0,8737.0,7477.0,6555.0,5926.0,4825.0,4136.0,0.0
22,5682.0,9381.0,8656.0,7589.0,6711.0,5969.0,4956.0,3979.0,4960.0
23,5755.0,9467.0,8611.0,7554.0,6784.0,5986.0,4904.0,3809.0,5040.0
24,5821.0,9527.0,8554.0,7526.0,6666.0,6004.0,4800.0,4008.0,0.0
25,5894.0,9570.0,8492.0,7504.0,6570.0,5985.0,4864.0,4074.0,4960.0
26,5972.0,9600.0,8425.0,7488.0,6606.0,5967.0,4916.0,3876.0,5040.0
27,6065.0,9623.0,8378.0,7442.0,6706.0,6000.0,4913.0,3890.0,0.0
28,6157.0,9638.0,8357.0,7458.0,6695.0,5965.0,4939.0,4039.0,4960.0
29,6257.0,9641.0,8331.0,7441.0,6648.0,5917.0,4953.0,3963.0,5040.0
30,6361.0,9649.0,8306.0,7432.0,6614.0,5994.0,4819.0,3900.0,0.0
31,6454.0,9647.0,8272.0,7406.0,6634.0,6125.0,4879.0,4008.0,4960.0
32,6550.0,9643.0,8254.0,7465.0,6759.0,5997.0,4935.0,4015.0,5040.0
33,6639.0,9640.0,8249.0,7471.0,6804.0,5984.0,4858.0,3973.0,0.0
34,6723.0,9637.0,8210.0,7481.0,6698.0,5952.0,4855.0,3991.0,4960.0
35,6793.0,9625.0,8192.0,7486.0,6638.0,5997.0,4873.0,3991.0,5040.0
36,6861.0,9615.0,8191.0,7412.0,6653.0,5999.0,4893.0,3993.0,0.0
37,6928.0,9608.0,8170.0,7384.0,6666.0,6072.0,4891.0,3981.0,4960.0
38,7000.0,9599.0,8172.0,7351.0,6671.0,6060.0,4926.0,3975.0,5040.0
39,7069.0,9593.0,8159.0,7368.0,6670.0,5951.0,4968.0,3980.0,0.0
40,7140.0,9578.0,8127.0,7389.0,6626.0,5835.0,4890.0,3992.0,4960.0
41,7222.0,9562.0,8121.0,7433.0,6681.0,5965.0,4856.0,3938.0,5040.0
42,7305.0,9554.0,8121.0,7454.0,6705.0,6146.0,4910.0,3921.0,0.0
43,7398.0,9546.0,8122.0,7474.0,6662.0,6024.0,4952.0,3994.0,4960.0
44,7504.0,9537.0,8130.0,7443.0,6623.0,5878.0,4956.0,3990.0,5040.0
45,7610.0,9528.0,8131.0,7418.0,6626.0,5988.0,4875.0,3979.0,0.0
46,7712.0,9522.0,8147.0,7425.0,6629.0,6005.0,4833.0,3999.0,4960.0
47,7810.0,9517.0,8154.0,7424.0,6555.0,6009.0,4953.0,3994.0,5040.0
48,7904.0,9513.0,8157.0,7373.0,6559.0,5997.0,4928.0,3942.0,0.0
49,7980.0,9508.0,8174.0,7382.0,6559.0,6040.0,4860.0,3950.0,4960.0
50,8058.0,9497.0,8194.0,7452.0,6628.0,5951.0,4911.0,4016.0,5040.0
51,8135.0,9484.0,8224.0,7569.0,6680.0,5871.0,4948.0,3965.0,0.0
52,8216.0,9475.0,8289.0,7596.0,6612.0,5938.0,4886.0,3962.0,4960.0
53,8294.0,9469.0,8318.0,7567.0,6593.0,6063.0,4928.0,4006.0,5040.0
54,8364.0,9458.0,8338.0,7463.0,6643.0,6016.0,4893.0,3968.0,0.0
55,8428.0,9449.0,8328.0,7402.0,6599.0,5895.0,4876.0,4019.0,4960.0
56,8500.0,9434.0,8328.0,7355.0,6605.0,5894.0,4917.0,3955.0,5040.0
57,8563.0,9423.0,8317.0,7412.0,6574.0,5939.0,4979.0,3878.0,0.0
58,8624.0,9419.0,8328.0,7440.0,6594.0,5936.0,4830.0,4039.0,4960.0
59,8679.0,9408.0,8322.0,7434.0,6645.0,5919.0,4796.0,4000.0,5040.0
60,8721.0,9398.0,8287.0,7457.0,6651.0,5968.0,4905.0,3926.0,0.0
61,8762.0,9388.0,8277.0,7464.0,6684.0,6036.0,4915.0,4024.0,4960.0
62,8800.0,9380.0,8274.0,7471.0,6658.0,6015.0,4850.0,4007.0,5040.0
63,8832.0,9369.0,8280.0,7442.0,6685.0,5921.0,4993.0,3917.0,0.0
64,8863.0,9360.0,8296.0,7444.0,6672.0,5987.0,4956.0,3931.0,4960.0
65,8887.0,9346.0,8321.0,7437.0,6582.0,6032.0,4787.0,4044.0,5040.0
66,8914.0,9339.0,8320.0,7408.0,6560.0,6018.0,4788.0,3942.0,0.0
67,8933.0,9330.0,8318.0,7348.0,6631.0,6004.0,4886.0,3915.0,4960.0
68,8963.0,9320.0,8326.0,7370.0,6735.0,5942.0,5030.0,4013.0,5040.0
69,8978.0,9309.0,8306.0,7448.0,6750.0,5979.0,4884.0,3951.0,0.0
70,8992.0,9304.0,8293.0,7527.0,6664.0,6075.0,4781.0,3925.0,4960.0
71,9012.0,9297.0,8288.0,7553.0,6597.0,6102.0,4920.0,4022.0,5040.0
72,9030.0,9288.0,8303.0,7502.0,6580.0,5991.0,5035.0,4055.0,0.0
73,9052.0,9284.0,8353.0,7371.0,6682.0,5958.0,4892.0,3876.0,4960.0
74,9079.0,9272.0,8362.0,7334.0,6706.0,5938.0,4789.0,3920.0,5040.0
75,9109.0,9264.0,8368.0,7361.0,6746.0,5930.0,4844.0,4048.0,0.0
76,9135.0,9255.0,8381.0,7437.0,6678.0,6003.0,4871.0,3946.0,4960.0
77,9164.0,9250.0,8390.0,7450.0,6738.0,5953.0,4920.0,3952.0,5040.0
78,9190.0,9240.0,8411.0,7459.0,6691.0,5946.0,4930.0,4088.0,0.0
79,9217.0,9235.0,8419.0,7400.0,6660.0,5993.0,4900.0,3936.0,4960.0
80,9244.0,9236.0,8431.0,7397.0,6630.0,5987.0,4905.0,3924.0,5040.0
81,9275.0,9235.0,8421.0,7441.0,6616.0,5965.0,4956.0,4029.0,0.0
82,9306.0,9225.0,8431.0,7475.0,6639.0,5889.0,4907.0,3938.0,4960.0
83,9333.0,9223.0,8402.0,7464.0,6752.0,5872.0,4915.0,3947.0,5040.0
84,9362.0,9210.0,8403.0,7484.0,6736.0,5983.0,4948.0,4023.0,0.0
85,9395.0,9203.0,8383.0,7489.0,6654.0,5986.0,5004.0,3955.0,4960.0
86,9429.0,9195.0,8364.0,7507.0,6604.0,5975.0,4971.0,3911.0,5040.0
87,9453.0,9191.0,8338.0,7493.0,6627.0,5989.0,4876.0,4034.0,0.0
88,9469.0,9185.0,8328.0,7459.0,6660.0,5909.0,4860.0,4004.0,4960.0
89,9480.0,9178.0,8331.0,7452.0,6707.0,5913.0,4932.0,3914.0,5040.0
90,9496.0,9172.0,8309.0,7402.0,6703.0,5988.0,4996.0,3983.0,0.0
91,9506.0,9162.0,8303.0,7390.0,6670.0,6058.0,4868.0,4062.0,4960.0
92,9518.0,9156.0,8276.0,7420.0,6580.0,6013.0,4772.0,3969.0,5040.0
93,9534.0,9149.0,8256.0,7448.0,6547.0,5888.0,4890.0,3866.0,0.0
94,9544.0,9143.0,8222.0,7457.0,6594.0,5948.0,4981.0,3986.0,4960.0
95,9548.0,9139.0,8206.0,7472.0,6650.0,5959.0,4849.0,4025.0,5040.0
96,9559.0,9135.0,8205.0,7452.0,6670.0,5968.0,4925.0,3980.0,0.0
97,9572.0,9125.0,8225.0,7458.0,6679.0,5863.0,4986.0,3965.0,4960.0
98,9584.0,9113.0,8239.0,7417.0,6669.0,5915.0,4957.0,4006.0,5040.0
99,9597.0,9103.0,8237.0,7421.0,6631.0,5985.0,4902.0,4006.0,0.0
100,9606.0,9097.0,8219.0,7479.0,6553.0,5961.0,4848.0,3962.0,4960.0
101,9609.0,9086.0,8232.0,7518.0,6531.0,5911.0,4909.0,3976.0,5040.0
102,9608.0,9076.0,8221.0,7500.0,6597.0,5976.0,4998.0,3998.0,0.0
103,9607.0,9070.0,8221.0,7468.0,6648.0,6044.0,4940.0,3894.0,4960.0
104,9607.0,9067.0,8235.0,7432.0,6720.0,6025.0,4892.0,3932.0,5040.0
105,9609.0,9060.0,8228.0,7429.0,6719.0,5953.0,4981.0,3965.0,0.0
106,9610.0,9051.0,8200.0,7445.0,6658.0,5955.0,4946.0,3893.0,4960.0
107,9611.0,9043.0,8173.0,7437.0,6640.0,6002.0,4848.0,3981.0,5040.0
108,9611.0,9036.0,8167.0,7475.0,6708.0,5932.0,4908.0,4062.0,0.0
109,9610.0,9025.0,8175.0,7518.0,6682.0,5865.0,4954.0,3937.0,4960.0
110,9610.0,9018.0,8178.0,7528.0,6626.0,5950.0,4883.0,3955.0,5040.0
111,9609.0,9011.0,8209.0,7468.0,6641.0,6081.0,4796.0,4033.0,0.0
112,9607.0,9005.0,8226.0,7443.0,6563.0,6028.0,4879.0,3918.0,4960.0
113,9607.0,8994.0,8224.0,7469.0,6574.0,5939.0,4965.0,3943.0,5040.0
114,9607.0,8991.0,8253.0,7496.0,6640.0,5868.0,4878.0,4075.0,0.0
115,9605.0,8986.0,8292.0,7484.0,6534.0,5970.0,4877.0,3943.0,4960.0
116,9605.0,8982.0,8321.0,7435.0,6564.0,6037.0,4839.0,3931.0,5040.0
117,9603.0,8979.0,8363.0,7454.0,6662.0,5991.0,4815.0,4073.0,0.0
118,9602.0,8975.0,8407.0,7487.0,6726.0,5790.0,4895.0,3964.0,4960.0
119,9602.0,8975.0,8417.0,7465.0,6640.0,5892.0,4948.0,3877.0,5040.0
120,9602.0,8968.0,8432.0,7483.0,6595.0,6047.0,4835.0,4000.0,0.0
121,9601.0,8962.0,8439.0,7444.0,6689.0,6040.0,4848.0,3978.0,4960.0
122,9598.0,8951.0,8417.0,7433.0,6658.0,5909.0,4918.0,3898.0,5040.0
123,9598.0,8944.0,8389.0,7433.0,6597.0,5839.0,4955.0,4027.0,0.0
124,9597.0,8942.0,8383.0,7408.0,6625.0,5963.0,4888.0,4018.0,4960.0
125,9594.0,8937.0,8387.0,7336.0,6692.0,5965.0,4810.0,3897.0,5040.0
126,9593.0,8928.0,8384.0,7346.0,6702.0,6013.0,4903.0,3982.0,0.0
127,9593.0,8919.0,8361.0,7382.0,6633.0,5981.0,4985.0,3981.0,4960.0
128,9593.0,8914.0,8327.0,7428.0,6638.0,6019.0,4929.0,3934.0,5040.0
129,9593.0,8913.0,8279.0,7488.0,6611.0,5943.0,4796.0,3973.0,0.0
130,9593.0,8905.0,8270.0,7503.0,6646.0,5919.0,4891.0,3944.0,4960.0
131,9592.0,8898.0,8269.0,7538.0,6657.0,6027.0,5067.0,3964.0,5040.0
132,9589.0,8888.0,8246.0,7533.0,6635.0,5979.0,4867.0,3975.0,0.0
133,9588.0,8876.0,8237.0,7488.0,6741.0,5934.0,4745.0,3953.0,4960.0
134,9588.0,8867.0,8222.0,7530.0,6753.0,5931.0,4950.0,3954.0,5040.0
135,9588.0,8866.0,8199.0,7572.0,6678.0,5976.0,4989.0,3975.0,0.0
136,9588.0,8865.0,8205.0,7537.0,6651.0,5920.0,4889.0,3981.0,4960.0
137,9587.0,8859.0,8216.0,7503.0,6626.0,5974.0,4729.0,3944.0,5040.0
138,9585.0,8853.0,8208.0,7486.0,6608.0,6060.0,4896.0,3953.0,0.0
139,9585.0,8849.0,8210.0,7474.0,6604.0,6032.0,5026.0,4042.0,4960.0
140,9584.0,8843.0,8195.0,7451.0,6758.0,6045.0,4879.0,3991.0,5040.0
141,9583.0,8840.0,8203.0,7437.0,6747.0,5963.0,4866.0,3859.0,0.0
142,9583.0,8831.0,8197.0,7438.0,6662.0,5935.0,4880.0,4011.0,4960.0
143,9582.0,8822.0,8212.0,7464.0,6610.0,5958.0,4848.0,4007.0,5040.0
144,9582.0,8818.0,8234.0,7457.0,6603.0,5923.0,4896.0,3911.0,0.0
145,9581.0,8807.0,8261.0,7446.0,6595.0,5955.0,4901.0,4002.0,4960.0
146,9579.0,8804.0,8276.0,7453.0,6611.0,5934.0,4881.0,3986.0,5040.0
147,9579.0,8803.0,8276.0,7457.0,6655.0,5905.0,4848.0,3978.0,0.0
148,9578.0,8799.0,8271.0,7488.0,6679.0,5996.0,4836.0,4039.0,4960.0
149,9579.0,8798.0,8274.0,7492.0,6627.0,5991.0,4897.0,3952.0,5040.0
150,9581.0,8795.0,8291.0,7442.0,6582.0,5999.0,4978.0,3945.0,0.0
151,9582.0,8794.0,8291.0,7399.0,6626.0,6029.0,4944.0,4015.0,4960.0
152,9581.0,8791.0,8308.0,7411.0,6627.0,5969.0,4833.0,3892.0,5040.0
153,9582.0,8779.0,8334.0,7416.0,6626.0,5951.0,4883.0,3949.0,0.0
154,9583.0,8780.0,8319.0,7359.0,6603.0,6021.0,4981.0,4070.0,4960.0
155,9587.0,8783.0,8311.0,7407.0,6653.0,5974.0,4829.0,3943.0,5040.0
156,9588.0,8779.0,8320.0,7444.0,6694.0,5940.0,4768.0,3909.0,0.0
157,9589.0,8772.0,8332.0,7494.0,6633.0,5973.0,4910.0,4033.0,4960.0
158,9590.0,8768.0,8314.0,7487.0,6586.0,6018.0,5016.0,3997.0,5040.0
159,9590.0,8758.0,8282.0,7455.0,6510.0,5971.0,4933.0,3901.0,0.0
160,9589.0,8750.0,8270.0,7471.0,6532.0,5871.0,4880.0,3946.0,4960.0
161,9588.0,8744.0,8279.0,7445.0,6601.0,5891.0,4922.0,4030.0,5040.0
162,9588.0,8739.0,8283.0,7452.0,6680.0,6004.0,4960.0,3981.0,0.0
163,9586.0,8737.0,8296.0,7474.0,6675.0,6053.0,4834.0,3969.0,4960.0
164,9586.0,8739.0,8309.0,7489.0,6679.0,5989.0,4881.0,3965.0,5040.0
165,9584.0,8738.0,8319.0,7434.0,6655.0,5937.0,4953.0,3988.0,0.0
166,9582.0,8735.0,8293.0,7368.0,6686.0,5931.0,4877.0,4012.0,4960.0
167,9581.0,8734.0,8288.0,7361.0,6732.0,5999.0,4824.0,4003.0,5040.0
168,9581.0,8732.0,8301.0,7378.0,6655.0,5989.0,4908.0,3952.0,0.0
169,9581.0,8728.0,8287.0,7404.0,6652.0,5998.0,4909.0,3949.0,4960.0
170,9581.0,8719.0,8288.0,7403.0,6707.0,5934.0,4876.0,4019.0,5040.0
171,9579.0,8712.0,8278.0,7420.0,6650.0,5956.0,4884.0,3937.0,0.0
172,9579.0,8708.0,8271.0,7487.0,6640.0,6006.0,4929.0,3933.0,4960.0
173,9578.0,8703.0,8264.0,7525.0,6671.0,5956.0,4866.0,4047.0,5040.0
174,9577.0,8692.0,8257.0,7509.0,6762.0,5997.0,4842.0,4013.0,0.0
175,9575.0,8686.0,8241.0,7446.0,6775.0,5997.0,4923.0,3953.0,4960.0
176,9574.0,8682.0,8258.0,7434.0,6706.0,6025.0,4899.0,3998.0,5040.0
177,9573.0,8679.0,8268.0,7408.0,6672.0,6032.0,4766.0,4052.0,0.0
178,9572.0,8678.0,8279.0,7327.0,6659.0,6054.0,4877.0,3923.0,4960.0
179,9569.0,8674.0,8285.0,7330.0,6707.0,5995.0,5019.0,3998.0,5040.0
180,9565.0,8665.0,8283.0,7400.0,6654.0,5936.0,4909.0,4014.0,0.0
181,9563.0,8655.0,8280.0,7494.0,6658.0,5935.0,4872.0,3947.0,4960.0
182,9563.0,8647.0,8263.0,7531.0,6685.0,5968.0,4906.0,3984.0,5040.0
183,9563.0,8644.0,8264.0,7537.0,6761.0,5958.0,4887.0,4042.0,0.0
184,9563.0,8640.0,8265.0,7443.0,6679.0,5902.0,4875.0,4017.0,4960.0
185,9558.0,8638.0,8271.0,7389.0,6644.0,5982.0,4887.0,3943.0,5040.0
186,9558.0,8627.0,8257.0,7365.0,6639.0,6034.0,4839.0,4030.0,0.0
187,9558.0,8620.0,8233.0,7383.0,6663.0,6019.0,4911.0,4020.0,4960.0
188,9556.0,8616.0,8222.0,7411.0,6743.0,5972.0,4995.0,3878.0,5040.0
189,9556.0,8606.0,8215.0,7490.0,6676.0,6016.0,4928.0,4015.0,0.0
190,9556.0,8600.0,8227.0,7566.0,6601.0,5924.0,4843.0,4002.0,4960.0
191,9555.0,8595.0,8248.0,7561.0,6540.0,5907.0,4902.0,3922.0,5040.0
192,9555.0,8590.0,8258.0,7495.0,6671.0,5916.0,4914.0,4021.0,0.0
193,9553.0,8587.0,8247.0,7444.0,6684.0,5962.0,4856.0,4010.0,4960.0
194,9553.0,8581.0,8262.0,7455.0,6687.0,6001.0,4829.0,4001.0,5040.0
195,9553.0,8578.0,8254.0,7423.0,6669.0,6012.0,4948.0,3953.0,0.0
196,9552.0,8578.0,8252.0,7408.0,6636.0,5950.0,4919.0,3951.0,4960.0
197,9549.0,8577.0,8237.0,7424.0,6666.0,5970.0,4835.0,3949.0,5040.0
198,9548.0,8570.0,8229.0,7417.0,6703.0,6035.0,4895.0,3923.0,0.0
199,9548.0,8566.0,8213.0,7386.0,6656.0,5971.0,4897.0,4052.0,4960.0
200,9548.0,8564.0,8228.0,7435.0,6602.0,5991.0,4883.0,3919.0,5040.0
201,9548.0,8565.0,8252.0,7479.0,6661.0,5989.0,4876.0,3882.0,0.0
202,9548.0,8561.0,8275.0,7509.0,6697.0,6003.0,4941.0,4016.0,4960.0
203,9547.0,8560.0,8273.0,7455.0,6684.0,6052.0,4933.0,3963.0,5040.0
204,9546.0,8558.0,8261.0,7499.0,6635.0,5910.0,4923.0,3918.0,0.0
205,9547.0,8560.0,8262.0,7575.0,6635.0,5844.0,4882.0,4029.0,4960.0
206,9547.0,8556.0,8242.0,7597.0,6680.0,5921.0,4891.0,3983.0,5040.0
207,9544.0,8550.0,8263.0,7539.0,6644.0,6045.0,4894.0,3910.0,0.0
208,9544.0,8537.0,8277.0,7474.0,6597.0,5980.0,4886.0,3996.0,4960.0
209,9544.0,8524.0,8262.0,7446.0,6583.0,5862.0,4878.0,4029.0,5040.0
210,9544.0,8513.0,8265.0,7436.0,6665.0,5862.0,4974.0,3922.0,0.0
211,9544.0,8507.0,8281.0,7456.0,6690.0,5931.0,4968.0,3891.0,4960.0
212,9542.0,8500.0,8275.0,7459.0,6639.0,5957.0,4853.0,4023.0,5040.0
213,9540.0,8487.0,8288.0,7406.0,6635.0,5954.0,4802.0,4033.0,0.0
214,9539.0,8481.0,8304.0,7434.0,6639.0,5988.0,4876.0,3953.0,4960.0
215,9535.0,8479.0,8309.0,7508.0,6665.0,5931.0,4966.0,4003.0,5040.0
216,9532.0,8474.0,8315.0,7552.0,6656.0,5921.0,4886.0,4011.0,0.0
217,9532.0,8471.0,8315.0,7543.0,6648.0,5937.0,4873.0,3858.0,4960.0
218,9532.0,8467.0,8316.0,7504.0,6651.0,5901.0,4902.0,3998.0,5040.0
219,9531.0,8471.0,8321.0,7464.0,6673.0,5907.0,4923.0,4101.0,0.0
220,9530.0,8474.0,8334.0,7467.0,6673.0,5964.0,4838.0,3874.0,4960.0
221,9530.0,8477.0,8342.0,7449.0,6675.0,6027.0,4834.0,3941.0,5040.0
222,9529.0,8472.0,8341.0,7403.0,6638.0,5914.0,4944.0,4121.0,0.0
223,9527.0,8471.0,8324.0,7379.0,6640.0,5945.0,4913.0,3892.0,4960.0
224,9527.0,8465.0,8316.0,7399.0,6661.0,5921.0,4888.0,3877.0,5040.0
225,9524.0,8467.0,8317.0,7442.0,6648.0,5940.0,4919.0,4137.0,0.0
226,9523.0,8462.0,8307.0,7474.0,6675.0,6039.0,4884.0,3920.0,4960.0
227,9521.0,8460.0,8307.0,7441.0,6715.0,6005.0,4916.0,3832.0,5040.0
228,9520.0,8460.0,8315.0,7406.0,6678.0,5864.0,4994.0,4102.0,0.0
229,9519.0,8455.0,8317.0,7413.0,6675.0,5957.0,4888.0,4036.0,4960.0
230,9515.0,8450.0,8316.0,7428.0,6696.0,6041.0,4838.0,3796.0,5040.0
231,9515.0,8451.0,8311.0,7422.0,6693.0,5964.0,4890.0,3959.0,0.0
232,9514.0,8449.0,8311.0,7433.0,6693.0,5925.0,4921.0,4089.0,4960.0
233,9513.0,8440.0,8281.0,7471.0,6605.0,5957.0,4874.0,3943.0,5040.0
234,9511.0,8435.0,8234.0,7538.0,6575.0,5992.0,4867.0,3878.0,0.0
235,9511.0,8433.0,8193.0,7507.0,6650.0,5971.0,4832.0,4019.0,4960.0
236,9511.0,8431.0,8182.0,7472.0,6770.0,5933.0,4890.0,3986.0,5040.0
237,9510.0,8426.0,8181.0,7419.0,6736.0,5997.0,4939.0,3973.0,0.0
238,9509.0,8427.0,8177.0,7435.0,6652.0,5995.0,4953.0,4036.0,4960.0
239,9509.0,8422.0,8174.0,7486.0,6560.0,6008.0,4899.0,3938.0,5040.0
240,9509.0,8419.0,8208.0,7529.0,6614.0,6030.0,4831.0,3869.0,0.0
241,9509.0,8421.0,8251.0,7512.0,6684.0,5972.0,4920.0,4008.0,4960.0
242,9508.0,8418.0,8275.0,7460.0,6736.0,5920.0,4972.0,4087.0,5040.0
243,9505.0,8409.0,8271.0,7474.0,6705.0,5988.0,4872.0,3907.0,0.0
244,9504.0,8405.0,8273.0,7496.0,6547.0,6041.0,4813.0,3920.0,4960.0
245,9504.0,8408.0,8267.0,7466.0,6570.0,6025.0,4836.0,4064.0,5040.0
246,9504.0,8406.0,8277.0,7468.0,6650.0,5916.0,4943.0,3981.0,0.0
247,9503.0,8405.0,8296.0,7414.0,6593.0,5904.0,5000.0,3956.0,4960.0
248,9504.0,8404.0,8281.0,7384.0,6616.0,6010.0,4855.0,4049.0,5040.0
249,9504.0,8395.0,8269.0,7402.0,6681.0,5971.0,4898.0,3958.0,0.0
250,9505.0,8394.0,8274.0,7423.0,6684.0,5928.0,4957.0,3954.0,4960.0
251,9507.0,8402.0,8286.0,7453.0,6682.0,5961.0,4894.0,3991.0,5040.0
252,9506.0,8408.0,8318.0,7431.0,6680.0,6047.0,4843.0,3939.0,0.0
253,9506.0,8408.0,8327.0,7466.0,6651.0,6010.0,4919.0,3948.0,4960.0
254,9504.0,8407.0,8334.0,7470.0,6688.0,5974.0,4889.0,4002.0,5040.0
255,9504.0,8405.0,8333.0,7437.0,6762.0,5941.0,4910.0,3989.0,0.0
256,9503.0,8395.0,8340.0,7400.0,6673.0,5960.0,4993.0,4037.0,4960.0
257,9503.0,8397.0,8335.0,7410.0,6644.0,5977.0,4881.0,3984.0,5040.0
258,9502.0,8397.0,8314.0,7422.0,6617.0,5982.0,4840.0,3854.0,0.0
259,9502.0,8402.0,8306.0,7463.0,6603.0,6009.0,5038.0,3953.0,4960.0
260,9501.0,8410.0,8291.0,7413.0,6603.0,5966.0,4909.0,4054.0,5040.0
261,9501.0,8413.0,8262.0,7374.0,6708.0,5909.0,4820.0,3948.0,0.0
262,9501.0,8422.0,8269.0,7409.0,6702.0,5931.0,4914.0,3937.0,4960.0
263,9501.0,8425.0,8265.0,7443.0,6620.0,5944.0,4901.0,4034.0,5040.0
264,9500.0,8429.0,8292.0,7453.0,6604.0,5941.0,4860.0,3942.0,0.0
265,9499.0,8437.0,8293.0,7413.0,6627.0,5945.0,4904.0,3967.0,4960.0
266,9498.0,8442.0,8312.0,7444.0,6699.0,5988.0,5021.0,4051.0,5040.0
267,9498.0,8446.0,8324.0,7469.0,6649.0,5995.0,4904.0,3907.0,0.0
268,9496.0,8448.0,8322.0,7468.0,6664.0,6016.0,4704.0,3930.0,4960.0
269,9494.0,8444.0,8319.0,7425.0,6733.0,5970.0,4842.0,4070.0,5040.0
270,9493.0,8444.0,8299.0,7414.0,6676.0,6028.0,5010.0,3961.0,0.0
271,9492.0,8449.0,8298.0,7438.0,6678.0,5993.0,4935.0,3910.0,4960.0
272,9492.0,8447.0,8294.0,7467.0,6628.0,5955.0,4797.0,4041.0,5040.0
273,9491.0,8452.0,8300.0,7461.0,6641.0,5898.0,4835.0,4004.0,0.0
274,9488.0,8454.0,8305.0,7474.0,6585.0,5944.0,4946.0,3848.0,4960.0
275,9486.0,8453.0,8288.0,7437.0,6588.0,5943.0,4937.0,3923.0,5040.0
276,9483.0,8444.0,8259.0,7388.0,6557.0,5970.0,4879.0,3963.0,0.0
277,9483.0,8440.0,8276.0,7338.0,6619.0,6034.0,4896.0,4003.0,4960.0
278,9485.0,8433.0,8281.0,7352.0,6708.0,5982.0,4845.0,4058.0,5040.0
279,9487.0,8423.0,8280.0,7394.0,6605.0,5897.0,4900.0,3964.0,0.0
280,9489.0,8415.0,8264.0,7436.0,6533.0,5875.0,4937.0,3916.0,4960.0
281,9488.0,8419.0,8260.0,7442.0,6540.0,5964.0,4905.0,4037.0,5040.0
282,9488.0,8418.0,8273.0,7463.0,6611.0,5971.0,4871.0,3987.0,0.0
283,9486.0,8409.0,8280.0,7513.0,6610.0,5992.0,4908.0,3962.0,4960.0
284,9484.0,8406.0,8271.0,7576.0,6601.0,5966.0,4881.0,4032.0,5040.0
285,9483.0,8399.0,8243.0,7670.0,6615.0,5909.0,4865.0,4027.0,0.0
286,9482.0,8396.0,8227.0,7588.0,6718.0,5995.0,4929.0,3954.0,4960.0
287,9481.0,8396.0,8227.0,7502.0,6689.0,6084.0,4984.0,3961.0,5040.0
288,9478.0,8393.0,8213.0,7402.0,6620.0,6071.0,4819.0,4027.0,0.0
289,9476.0,8394.0,8214.0,7395.0,6693.0,5938.0,4858.0,3953.0,4960.0
290,9476.0,8398.0,8206.0,7397.0,6685.0,5844.0,4933.0,3928.0,5040.0
291,9477.0,8394.0,8209.0,7375.0,6590.0,5954.0,4941.0,3961.0,0.0
292,9478.0,8395.0,8218.0,7396.0,6631.0,6018.0,4862.0,3979.0,4960.0
293,9479.0,8393.0,8239.0,7430.0,6682.0,6012.0,4940.0,3971.0,5040.0
294,9483.0,8394.0,8257.0,7532.0,6657.0,5941.0,4933.0,3979.0,0.0
295,9485.0,8395.0,8277.0,7523.0,6560.0,5890.0,4859.0,3939.0,4960.0
296,9490.0,8394.0,8294.0,7497.0,6545.0,5947.0,4900.0,3932.0,5040.0
297,9494.0,8389.0,8337.0,7512.0,6570.0,5929.0,4836.0,3962.0,0.0
298,9495.0,8386.0,8363.0,7491.0,6605.0,6008.0,4858.0,3968.0,4960.0
299,9495.0,8384.0,8366.0,7537.0,6640.0,6045.0,5000.0,3943.0,5040.0
300,9494.0,8384.0,8373.0,7530.0,6703.0,6007.0,4820.0,4039.0,0.0
301,9493.0,8385.0,8388.0,7474.0,6691.0,5921.0,4846.0,3964.0,4960.0
302,9491.0,8387.0,8388.0,7443.0,6672.0,5937.0,5023.0,3909.0,5040.0
303,9490.0,8383.0,8372.0,7403.0,6721.0,5977.0,5028.0,3979.0,0.0
304,9489.0,8387.0,8340.0,7430.0,6646.0,5954.0,4839.0,4001.0,4960.0
305,9489.0,8396.0,8295.0,7423.0,6623.0,5992.0,4869.0,3951.0,5040.0
306,9487.0,8398.0,8268.0,7505.0,6645.0,5998.0,4940.0,3947.0,0.0
307,9487.0,8397.0,8254.0,7440.0,6722.0,5919.0,4942.0,3953.0,4960.0
308,9485.0,8390.0,8231.0,7481.0,6688.0,5844.0,4858.0,3928.0,5040.0
309,9485.0,8382.0,8217.0,7488.0,6655.0,6012.0,4890.0,3993.0,0.0
310,9485.0,8380.0,8217.0,7530.0,6679.0,5958.0,5010.0,4051.0,4960.0
311,9484.0,8375.0,8196.0,7502.0,6680.0,5943.0,4904.0,3918.0,5040.0
312,9484.0,8379.0,8216.0,7540.0,6656.0,5919.0,4795.0,3937.0,0.0
313,9484.0,8375.0,8228.0,7541.0,6674.0,5965.0,4897.0,4021.0,4960.0
314,9482.0,8371.0,8224.0,7463.0,6689.0,5944.0,4985.0,3953.0,5040.0
315,9482.0,8364.0,8224.0,7412.0,6641.0,5947.0,4984.0,3875.0,0.0
316,9481.0,8358.0,8241.0,7367.0,6653.0,5944.0,4872.0,4001.0,4960.0
317,9481.0,8348.0,8259.0,7405.0,6659.0,5976.0,4893.0,3967.0,5040.0
318,9481.0,8344.0,8264.0,7446.0,6627.0,5982.0,4938.0,3922.0,0.0
319,9479.0,8343.0,8264.0,7471.0,6644.0,5930.0,4966.0,4014.0,4960.0
320,9477.0,8343.0,8281.0,7515.0,6649.0,5962.0,4935.0,3968.0,5040.0
321,9477.0,8335.0,8282.0,7535.0,6668.0,5984.0,4955.0,3975.0,0.0
322,9476.0,8331.0,8272.0,7491.0,6716.0,5991.0,4858.0,4031.0,4960.0
323,9476.0,8325.0,8286.0,7448.0,6710.0,6002.0,4842.0,3949.0,5040.0
324,9475.0,8314.0,8324.0,7391.0,6654.0,5998.0,4963.0,3955.0,0.0
325,9474.0,8310.0,8331.0,7414.0,6570.0,5913.0,4943.0,3981.0,4960.0
326,9473.0,8314.0,8349.0,7434.0,6554.0,5933.0,4875.0,3970.0,5040.0
327,9473.0,8312.0,8348.0,7497.0,6589.0,5996.0,4898.0,3997.0,0.0
328,9472.0,8314.0,8373.0,7498.0,6677.0,6015.0,4814.0,3995.0,4960.0
329,9471.0,8317.0,8387.0,7458.0,6700.0,5935.0,4876.0,3946.0,5040.0
330,9471.0,8328.0,8401.0,7390.0,6638.0,5939.0,4954.0,3927.0,0.0
331,9468.0,8335.0,8399.0,7345.0,6621.0,5890.0,4973.0,4033.0,4960.0
332,9468.0,8337.0,8396.0,7352.0,6613.0,5966.0,4782.0,3978.0,5040.0
333,9468.0,8334.0,8421.0,7423.0,6634.0,6018.0,4827.0,3907.0,0.0
334,9466.0,8339.0,8445.0,7458.0,6579.0,5950.0,5018.0,4022.0,4960.0
335,9465.0,8339.0,8452.0,7510.0,6565.0,5954.0,4839.0,4034.0,5040.0
336,9464.0,8336.0,8442.0,7476.0,6653.0,6004.0,4790.0,3901.0,0.0
337,9464.0,8336.0,8443.0,7488.0,6744.0,5959.0,4948.0,3958.0,4960.0
338,9463.0,8342.0,8422.0,7466.0,6740.0,5947.0,4978.0,4002.0,5040.0
339,9463.0,8345.0,8403.0,7430.0,6673.0,5954.0,4873.0,3941.0,0.0
340,9462.0,8354.0,8387.0,7415.0,6585.0,6023.0,4891.0,3939.0,4960.0
341,9462.0,8355.0,8373.0,7382.0,6676.0,6032.0,4948.0,4009.0,5040.0
342,9462.0,8362.0,8387.0,7471.0,6738.0,5972.0,4921.0,4011.0,0.0
343,9462.0,8373.0,8391.0,7539.0,6674.0,5958.0,4847.0,3934.0,4960.0
344,9461.0,8376.0,8380.0,7529.0,6650.0,5960.0,4876.0,4008.0,5040.0
345,9459.0,8387.0,8375.0,7486.0,6597.0,5981.0,4939.0,3968.0,0.0
346,9459.0,8391.0,8354.0,7474.0,6523.0,5965.0,4933.0,3916.0,4960.0
347,9459.0,8394.0,8335.0,7486.0,6597.0,5936.0,4906.0,4002.0,5040.0
348,9459.0,8386.0,8324.0,7423.0,6655.0,6060.0,4868.0,3972.0,0.0
349,9459.0,8381.0,8300.0,7399.0,6711.0,6087.0,4869.0,3954.0,4960.0
350,9458.0,8369.0,8287.0,7415.0,6717.0,6001.0,4908.0,4014.0,5040.0
351,9458.0,8357.0,8281.0,7456.0,6648.0,5865.0,4897.0,3998.0,0.0
352,9457.0,8353.0,8282.0,7484.0,6581.0,5886.0,4938.0,3998.0,4960.0
353,9456.0,8345.0,8270.0,7453.0,6621.0,5951.0,4950.0,3972.0,5040.0
354,9456.0,8344.0,8246.0,7426.0,6709.0,6004.0,4882.0,3902.0,0.0
355,9456.0,8353.0,8225.0,7443.0,6688.0,5988.0,4908.0,3969.0,4960.0
356,9455.0,8358.0,8197.0,7448.0,6629.0,5895.0,4918.0,4054.0,5040.0
357,9454.0,8364.0,8173.0,7465.0,6651.0,5892.0,4890.0,3932.0,0.0
358,9453.0,8364.0,8187.0,7511.0,6653.0,5996.0,4967.0,3931.0,4960.0
359,9450.0,8362.0,8188.0,7513.0,6625.0,6049.0,4894.0,4062.0,5040.0
360,9450.0,8356.0,8224.0,7541.0,6666.0,6025.0,4826.0,3956.0,0.0
361,9449.0,8352.0,8252.0,7482.0,6754.0,5986.0,4937.0,3932.0,4960.0
362,9449.0,8348.0,8261.0,7460.0,6709.0,5932.0,4889.0,4059.0,5040.0
363,9450.0,8345.0,8275.0,7441.0,6577.0,5953.0,4866.0,3930.0,0.0
364,9450.0,8346.0,8285.0,7437.0,6480.0,6004.0,4941.0,3888.0,4960.0
365,9450.0,8340.0,8292.0,7453.0,6528.0,6065.0,4934.0,3997.0,5040.0
366,9450.0,8334.0,8305.0,7502.0,6594.0,6007.0,4908.0,3993.0,0.0
367,9450.0,8325.0,8293.0,7543.0,6698.0,5915.0,4857.0,3992.0,4960.0
368,9449.0,8311.0,8293.0,7511.0,6723.0,5928.0,4882.0,4049.0,5040.0
369,9448.0,8307.0,8292.0,7456.0,6666.0,6033.0,4886.0,3929.0,0.0
370,9448.0,8300.0,8272.0,7470.0,6690.0,6005.0,4828.0,3931.0,4960.0
371,9447.0,8294.0,8250.0,7463.0,6646.0,5947.0,4921.0,4033.0,5040.0
372,9447.0,8294.0,8238.0,7422.0,6599.0,5991.0,4962.0,3954.0,0.0
373,9445.0,8295.0,8208.0,7383.0,6657.0,6030.0,4874.0,3941.0,4960.0
374,9446.0,8293.0,8200.0,7404.0,6646.0,6070.0,4842.0,3954.0,5040.0
375,9447.0,8288.0,8198.0,7426.0,6630.0,6018.0,4940.0,3929.0,0.0
376,9450.0,8289.0,8210.0,7449.0,6660.0,5937.0,4967.0,4022.0,4960.0
377,9456.0,8293.0,8228.0,7466.0,6727.0,5962.0,4888.0,4010.0,5040.0
378,9460.0,8301.0,8270.0,7516.0,6678.0,5996.0,4821.0,3952.0,0.0
379,9469.0,8318.0,8304.0,7476.0,6655.0,5918.0,4950.0,3993.0,4960.0
380,9478.0,8328.0,8329.0,7457.0,6651.0,5994.0,4923.0,4016.0,5040.0
381,9484.0,8327.0,8351.0,7438.0,6679.0,5993.0,4836.0,3953.0,0.0
382,9487.0,8332.0,8360.0,7416.0,6697.0,5958.0,4928.0,4024.0,4960.0
383,9489.0,8330.0,8354.0,7386.0,6623.0,5887.0,4947.0,3966.0,5040.0
384,9491.0,8330.0,8364.0,7378.0,6595.0,5976.0,4872.0,3914.0,0.0
385,9493.0,8327.0,8364.0,7444.0,6654.0,6085.0,4869.0,4011.0,4960.0
386,9496.0,8326.0,8364.0,7524.0,6724.0,6014.0,4887.0,3933.0,5040.0
387,9496.0,8326.0,8352.0,7635.0,6717.0,5939.0,4874.0,3904.0,0.0
388,9497.0,8332.0,8345.0,7647.0,6691.0,5936.0,4977.0,4001.0,4960.0
389,9496.0,8334.0,8342.0,7518.0,6605.0,5982.0,4929.0,4013.0,5040.0
390,9496.0,8334.0,8336.0,7465.0,6561.0,5985.0,4850.0,3905.0,0.0
391,9494.0,8332.0,8344.0,7477.0,6684.0,6010.0,4860.0,3932.0,4960.0
392,9491.0,8338.0,8338.0,7437.0,6724.0,6017.0,4907.0,4050.0,5040.0
393,9491.0,8338.0,8297.0,7445.0,6714.0,5942.0,4905.0,4002.0,0.0
394,9491.0,8333.0,8278.0,7495.0,6784.0,5897.0,4825.0,3938.0,4960.0
395,9489.0,8329.0,8250.0,7511.0,6745.0,5925.0,4896.0,3966.0,5040.0
396,9487.0,8327.0,8233.0,7498.0,6689.0,5964.0,4878.0,4038.0,0.0
397,9487.0,8325.0,8248.0,7460.0,6601.0,5972.0,4805.0,3969.0,4960.0
398,9487.0,8326.0,8270.0,7486.0,6641.0,5971.0,4980.0,3927.0,5040.0
399,9487.0,8323.0,8276.0,7498.0,6702.0,5982.0,4953.0,4002.0,0.0
400,9484.0,8319.0,8288.0,7502.0,6711.0,6018.0,4883.0,3997.0,4960.0
401,9483.0,8318.0,8288.0,7492.0,6629.0,5989.0,4897.0,3978.0,5040.0
402,9483.0,8320.0,8305.0,7454.0,6581.0,6018.0,4953.0,4007.0,0.0
403,9482.0,8321.0,8305.0,7386.0,6625.0,5935.0,4963.0,3961.0,4960.0
404,9482.0,8323.0,8306.0,7378.0,6722.0,5893.0,4864.0,4027.0,5040.0
405,9481.0,8325.0,8318.0,7410.0,6761.0,5997.0,4860.0,4001.0,0.0
406,9479.0,8340.0,8322.0,7422.0,6730.0,6104.0,4944.0,3920.0,4960.0
407,9479.0,8352.0,8284.0,7465.0,6672.0,6013.0,4882.0,3967.0,5040.0
408,9477.0,8357.0,8268.0,7468.0,6555.0,5906.0,4864.0,4026.0,0.0
409,9478.0,8364.0,8267.0,7523.0,6543.0,5914.0,4915.0,3987.0,4960.0
410,9479.0,8367.0,8254.0,7541.0,6655.0,5970.0,4856.0,3933.0,5040.0
411,9479.0,8367.0,8265.0,7513.0,6697.0,6019.0,4817.0,4011.0,0.0
412,9477.0,8355.0,8269.0,7475.0,6607.0,6091.0,4877.0,3971.0,4960.0
413,9475.0,8354.0,8265.0,7413.0,6639.0,5996.0,4839.0,3921.0,5040.0
414,9474.0,8351.0,8272.0,7462.0,6690.0,5886.0,4822.0,4058.0,0.0
415,9473.0,8346.0,8260.0,7465.0,6691.0,5933.0,4875.0,4012.0,4960.0
416,9471.0,8343.0,8261.0,7431.0,6679.0,6053.0,4892.0,3883.0,5040.0
417,9471.0,8338.0,8259.0,7407.0,6623.0,6074.0,4833.0,3932.0,0.0
418,9471.0,8340.0,8255.0,7327.0,6592.0,5989.0,4868.0,4061.0,4960.0
419,9470.0,8346.0,8268.0,7408.0,6705.0,5894.0,4896.0,3893.0,5040.0
420,9470.0,8349.0,8274.0,7481.0,6730.0,5930.0,4841.0,3911.0,0.0
421,9470.0,8351.0,8268.0,7564.0,6635.0,5993.0,4864.0,4101.0,4960.0
422,9470.0,8344.0,8290.0,7563.0,6633.0,6073.0,4922.0,3956.0,5040.0
423,9470.0,8346.0,8291.0,7465.0,6706.0,6016.0,4934.0,3888.0,0.0
424,9471.0,8345.0,8288.0,7414.0,6724.0,5920.0,4858.0,4043.0,4960.0
425,9472.0,8343.0,8289.0,7346.0,6694.0,5869.0,4892.0,4000.0,5040.0
426,9477.0,8337.0,8289.0,7364.0,6634.0,5941.0,4898.0,3943.0,0.0
427,9481.0,8327.0,8278.0,7375.0,6631.0,5981.0,4882.0,3982.0,4960.0
428,9485.0,8324.0,8253.0,7464.0,6599.0,5939.0,4896.0,3868.0,5040.0
429,9485.0,8319.0,8250.0,7508.0,6651.0,5955.0,4908.0,3944.0,0.0
430,9485.0,8322.0,8252.0,7474.0,6629.0,6065.0,4894.0,4106.0,4960.0
431,9481.0,8323.0,8267.0,7431.0,6663.0,6017.0,4934.0,3920.0,5040.0
432,9480.0,8325.0,8246.0,7402.0,6702.0,5931.0,4963.0,3839.0,0.0
433,9479.0,8325.0,8242.0,7459.0,6697.0,5944.0,4940.0,4064.0,4960.0
434,9478.0,8329.0,8268.0,7473.0,6666.0,5982.0,4841.0,4027.0,5040.0
435,9477.0,8333.0,8298.0,7459.0,6596.0,6017.0,4861.0,3928.0,0.0
436,9478.0,8341.0,8295.0,7433.0,6580.0,5962.0,4972.0,3985.0,4960.0
437,9478.0,8347.0,8309.0,7422.0,6658.0,5902.0,4833.0,4030.0,5040.0
438,9477.0,8354.0,8298.0,7435.0,6668.0,5959.0,4863.0,3969.0,0.0
439,9476.0,8362.0,8306.0,7435.0,6636.0,6038.0,4893.0,3944.0,4960.0
440,9476.0,8363.0,8303.0,7445.0,6606.0,6095.0,4900.0,3999.0,5040.0
441,9475.0,8362.0,8302.0,7435.0,6642.0,6074.0,4910.0,4032.0,0.0
442,9474.0,8360.0,8275.0,7425.0,6675.0,6018.0,4877.0,3925.0,4960.0
443,9473.0,8360.0,8280.0,7443.0,6722.0,5914.0,4913.0,3979.0,5040.0
444,9472.0,8358.0,8314.0,7451.0,6638.0,5943.0,4810.0,4020.0,0.0
445,9471.0,8356.0,8297.0,7434.0,6575.0,5993.0,4801.0,3905.0,4960.0
446,9471.0,8356.0,8297.0,7395.0,6608.0,5977.0,4933.0,3981.0,5040.0
447,9471.0,8355.0,8303.0,7456.0,6626.0,6002.0,4935.0,4015.0,0.0
448,9471.0,8351.0,8328.0,7461.0,6631.0,5987.0,4855.0,3906.0,4960.0
449,9469.0,8355.0,8320.0,7505.0,6678.0,5986.0,4830.0,3958.0,5040.0
450,9468.0,8358.0,8302.0,7478.0,6698.0,5963.0,4983.0,4058.0,0.0
451,9468.0,8366.0,8278.0,7452.0,6696.0,5922.0,4999.0,3998.0,4960.0
452,9468.0,8364.0,8261.0,7425.0,6663.0,5975.0,4791.0,3951.0,5040.0
453,9468.0,8362.0,8233.0,7414.0,6614.0,6039.0,4855.0,3997.0,0.0
454,9467.0,8362.0,8244.0,7428.0,6610.0,6046.0,4934.0,3972.0,4960.0
455,9466.0,8371.0,8244.0,7421.0,6658.0,5981.0,4898.0,3972.0,5040.0
456,9465.0,8379.0,8258.0,7460.0,6655.0,5907.0,4884.0,3928.0,0.0
457,9465.0,8380.0,8260.0,7454.0,6576.0,5881.0,4941.0,3910.0,4960.0
458,9464.0,8381.0,8257.0,7436.0,6571.0,5947.0,4894.0,4016.0,5040.0
459,9464.0,8387.0,8248.0,7482.0,6626.0,5887.0,4821.0,3991.0,0.0
460,9463.0,8394.0,8245.0,7462.0,6731.0,5872.0,4889.0,3934.0,4960.0
461,9463.0,8392.0,8261.0,7426.0,6798.0,6015.0,4954.0,4010.0,5040.0
462,9461.0,8397.0,8269.0,7397.0,6652.0,6028.0,4880.0,3981.0,0.0
463,9460.0,8397.0,8275.0,7348.0,6624.0,5997.0,4877.0,3920.0,4960.0
464,9458.0,8406.0,8267.0,7397.0,6636.0,6104.0,4929.0,3979.0,5040.0
465,9457.0,8408.0,8252.0,7465.0,6644.0,6099.0,4927.0,4017.0,0.0
466,9456.0,8411.0,8247.0,7537.0,6693.0,5944.0,4875.0,3929.0,4960.0
467,9455.0,8417.0,8265.0,7489.0,6767.0,5885.0,4857.0,3974.0,5040.0
468,9454.0,8423.0,8269.0,7479.0,6710.0,5979.0,4878.0,4039.0,0.0
469,9453.0,8435.0,8284.0,7494.0,6636.0,5879.0,4914.0,3975.0,4960.0
470,9450.0,8440.0,8304.0,7462.0,6641.0,5882.0,4909.0,3929.0,5040.0
471,9450.0,8443.0,8304.0,7459.0,6753.0,6046.0,4833.0,3988.0,0.0
472,9449.0,8453.0,8306.0,7447.0,6742.0,6022.0,4848.0,4019.0,4960.0
473,9448.0,8457.0,8299.0,7439.0,6719.0,5920.0,4925.0,3936.0,5040.0
474,9446.0,8457.0,8316.0,7458.0,6645.0,5963.0,4861.0,3909.0,0.0
475,9445.0,8459.0,8332.0,7466.0,6661.0,6003.0,4872.0,4020.0,4960.0
476,9445.0,8456.0,8337.0,7443.0,6650.0,5964.0,4931.0,3999.0,5040.0
477,9445.0,8457.0,8328.0,7477.0,6598.0,5929.0,4929.0,3928.0,0.0
478,9444.0,8454.0,8341.0,7517.0,6657.0,5935.0,4846.0,4000.0,4960.0
479,9444.0,8448.0,8357.0,7483.0,6678.0,5948.0,4880.0,3965.0,5040.0
480,9442.0,8451.0,8364.0,7393.0,6661.0,5993.0,4914.0,3937.0,0.0
481,9442.0,8453.0,8355.0,7398.0,6644.0,5915.0,4844.0,3991.0,4960.0
482,9442.0,8448.0,8354.0,7391.0,6687.0,5886.0,4842.0,3973.0,5040.0
483,9441.0,8442.0,8341.0,7472.0,6647.0,5977.0,4893.0,3944.0,0.0
484,9437.0,8439.0,8337.0,7555.0,6560.0,6066.0,4847.0,3948.0,4960.0
485,9434.0,8429.0,8333.0,7598.0,6555.0,6019.0,4899.0,4001.0,5040.0
486,9434.0,8423.0,8303.0,7506.0,6583.0,5909.0,4992.0,3956.0,0.0
487,9434.0,8423.0,8298.0,7413.0,6638.0,5916.0,4919.0,3996.0,4960.0
488,9431.0,8422.0,8278.0,7399.0,6735.0,6009.0,4788.0,4018.0,5040.0
489,9431.0,8412.0,8250.0,7382.0,6665.0,5988.0,4874.0,3942.0,0.0
490,9431.0,8413.0,8245.0,7407.0,6586.0,5865.0,4899.0,3968.0,4960.0
491,9431.0,8414.0,8261.0,7512.0,6644.0,5997.0,4819.0,3979.0,5040.0
492,9431.0,8410.0,8237.0,7518.0,6679.0,6045.0,4815.0,3971.0,0.0
493,9430.0,8407.0,8235.0,7475.0,6716.0,5967.0,4879.0,3946.0,4960.0
494,9430.0,8407.0,8230.0,7437.0,6709.0,5922.0,4911.0,3950.0,5040.0
495,9430.0,8406.0,8227.0,7422.0,6754.0,5944.0,4936.0,4023.0,0.0
496,9430.0,8400.0,8215.0,7437.0,6662.0,6052.0,4878.0,4004.0,4960.0
497,9430.0,8394.0,8235.0,7415.0,6560.0,6074.0,4874.0,3959.0,5040.0
498,9428.0,8395.0,8211.0,7427.0,6564.0,5996.0,4973.0,3968.0,0.0
499,9425.0,8397.0,8192.0,7420.0,6626.0,5919.0,4891.0,3994.0,4960.0
500,9425.0,8394.0,8196.0,7459.0,6704.0,5939.0,4825.0,3986.0,5040.0
501,9424.0,8391.0,8187.0,7474.0,6685.0,5965.0,4914.0,3999.0,0.0
502,9422.0,8395.0,8191.0,7462.0,6569.0,5888.0,4973.0,3979.0,4960.0
503,9422.0,8391.0,8200.0,7381.0,6599.0,5901.0,4927.0,3985.0,5040.0
504,9422.0,8385.0,8204.0,7338.0,6685.0,6068.0,4916.0,4001.0,0.0
505,9422.0,8383.0,8208.0,7378.0,6679.0,6037.0,4895.0,3955.0,4960.0
506,9422.0,8376.0,8205.0,7384.0,6616.0,5935.0,4888.0,3948.0,5040.0
507,9421.0,8370.0,8198.0,7451.0,6669.0,5947.0,4916.0,4038.0,0.0
508,9421.0,8370.0,8206.0,7485.0,6661.0,5931.0,4929.0,3949.0,4960.0
509,9421.0,8361.0,8249.0,7517.0,6643.0,5934.0,4896.0,3901.0,5040.0
510,9420.0,8360.0,8279.0,7474.0,6592.0,5944.0,4965.0,3989.0,0.0
511,9419.0,8357.0,8310.0,7477.0,6616.0,6032.0,4889.0,4031.0,4960.0
512,9418.0,8351.0,8340.0,7454.0,6665.0,6019.0,4866.0,3937.0,5040.0
513,9418.0,8349.0,8347.0,7438.0,6713.0,5947.0,4899.0,3921.0,0.0
514,9418.0,8349.0,8351.0,7410.0,6597.0,5933.0,4951.0,4017.0,4960.0
515,9418.0,8351.0,8350.0,7456.0,6586.0,6029.0,4946.0,3976.0,5040.0
516,9418.0,8349.0,8356.0,7434.0,6688.0,6057.0,4792.0,3934.0,0.0
517,9417.0,8347.0,8353.0,7493.0,6742.0,5956.0,4853.0,3986.0,4960.0
518,9416.0,8342.0,8334.0,7562.0,6712.0,5923.0,4986.0,3979.0,5040.0
519,9415.0,8339.0,8317.0,7565.0,6665.0,5988.0,4822.0,3963.0,0.0
520,9414.0,8346.0,8296.0,7489.0,6679.0,6002.0,4837.0,3978.0,4960.0
521,9414.0,8350.0,8301.0,7466.0,6723.0,5989.0,4958.0,3972.0,5040.0
522,9413.0,8355.0,8279.0,7444.0,6656.0,5949.0,4938.0,3947.0,0.0
523,9411.0,8360.0,8267.0,7415.0,6631.0,5964.0,4908.0,4001.0,4960.0
524,9410.0,8363.0,8277.0,7392.0,6617.0,5949.0,4861.0,4019.0,5040.0
525,9409.0,8370.0,8255.0,7395.0,6692.0,5992.0,4861.0,3894.0,0.0
526,9407.0,8365.0,8239.0,7413.0,6684.0,6032.0,4917.0,3979.0,4960.0
527,9407.0,8361.0,8232.0,7399.0,6664.0,5967.0,4897.0,4053.0,5040.0
528,9405.0,8362.0,8227.0,7424.0,6632.0,5958.0,4901.0,3957.0,0.0
529,9405.0,8355.0,8209.0,7532.0,6614.0,5995.0,4908.0,3928.0,4960.0
530,9403.0,8358.0,8194.0,7500.0,6622.0,5947.0,4781.0,4024.0,5040.0
531,9401.0,8355.0,8188.0,7517.0,6710.0,5956.0,4875.0,3950.0,0.0
532,9399.0,8353.0,8151.0,7533.0,6696.0,5961.0,5008.0,3894.0,4960.0
533,9399.0,8353.0,8152.0,7532.0,6663.0,5962.0,4888.0,4063.0,5040.0
534,9397.0,8359.0,8120.0,7510.0,6697.0,5933.0,4791.0,3967.0,0.0
535,9396.0,8369.0,8111.0,7477.0,6715.0,5930.0,4903.0,3905.0,4960.0
536,9395.0,8371.0,8100.0,7494.0,6654.0,5958.0,4995.0,4052.0,5040.0
537,9396.0,8373.0,8099.0,7457.0,6596.0,5929.0,4865.0,3979.0,0.0
538,9396.0,8376.0,8111.0,7433.0,6622.0,5885.0,4874.0,3871.0,4960.0
539,9395.0,8376.0,8132.0,7453.0,6630.0,5949.0,4843.0,4007.0,5040.0
540,9392.0,8383.0,8169.0,7467.0,6611.0,6003.0,4886.0,4021.0,0.0
541,9390.0,8388.0,8184.0,7512.0,6698.0,6028.0,4894.0,3891.0,4960.0
542,9387.0,8388.0,8193.0,7577.0,6773.0,6016.0,4852.0,3964.0,5040.0
543,9386.0,8386.0,8204.0,7513.0,6747.0,5965.0,4938.0,4003.0,0.0
544,9384.0,8381.0,8250.0,7497.0,6695.0,5918.0,4984.0,3916.0,4960.0
545,9383.0,8375.0,8287.0,7365.0,6601.0,5949.0,4809.0,3923.0,5040.0
546,9381.0,8372.0,8282.0,7307.0,6649.0,6000.0,4867.0,4054.0,0.0
547,9380.0,8370.0,8297.0,7348.0,6709.0,5941.0,5027.0,3990.0,4960.0
548,9380.0,8361.0,8285.0,7408.0,6671.0,5947.0,4909.0,3893.0,5040.0
549,9382.0,8354.0,8305.0,7476.0,6697.0,5976.0,4839.0,3989.0,0.0
550,9385.0,8347.0,8330.0,7497.0,6664.0,6088.0,4947.0,3992.0,4960.0
551,9384.0,8350.0,8358.0,7519.0,6607.0,6036.0,4933.0,3926.0,5040.0
552,9385.0,8345.0,8368.0,7465.0,6606.0,5897.0,4829.0,3988.0,0.0
553,9387.0,8340.0,8352.0,7462.0,6729.0,5801.0,4849.0,4029.0,4960.0
554,9387.0,8334.0,8363.0,7446.0,6762.0,5942.0,4897.0,3981.0,5040.0
555,9387.0,8334.0,8381.0,7404.0,6685.0,6060.0,4895.0,3957.0,0.0
556,9385.0,8341.0,8406.0,7379.0,6596.0,5975.0,4841.0,3966.0,4960.0
557,9385.0,8346.0,8420.0,7396.0,6664.0,5889.0,4840.0,3966.0,5040.0
558,9385.0,8343.0,8403.0,7465.0,6678.0,5982.0,4876.0,4001.0,0.0
559,9384.0,8338.0,8408.0,7507.0,6663.0,6079.0,4858.0,4003.0,4960.0
560,9384.0,8331.0,8408.0,7442.0,6607.0,6047.0,4963.0,3970.0,5040.0
561,9384.0,8329.0,8418.0,7472.0,6642.0,5935.0,4924.0,3989.0,0.0
562,9383.0,8325.0,8410.0,7407.0,6610.0,5894.0,4848.0,3920.0,4960.0
563,9382.0,8318.0,8420.0,7327.0,6575.0,5996.0,4825.0,3916.0,5040.0
564,9380.0,8317.0,8402.0,7345.0,6653.0,5959.0,4945.0,4014.0,0.0
565,9378.0,8324.0,8396.0,7446.0,6754.0,5860.0,4909.0,3944.0,4960.0
566,9378.0,8327.0,8379.0,7441.0,6712.0,5968.0,4868.0,3897.0,5040.0
567,9376.0,8325.0,8363.0,7443.0,6624.0,6137.0,4888.0,4017.0,0.0
568,9376.0,8315.0,8352.0,7420.0,6616.0,6051.0,4948.0,3944.0,4960.0
569,9374.0,8311.0,8359.0,7346.0,6581.0,5856.0,4922.0,3936.0,5040.0
570,9373.0,8311.0,8359.0,7443.0,6636.0,5893.0,4926.0,4090.0,0.0
571,9371.0,8309.0,8342.0,7520.0,6634.0,5996.0,4938.0,3947.0,4960.0
572,9370.0,8310.0,8313.0,7505.0,6673.0,6038.0,4877.0,3891.0,5040.0
573,9369.0,8309.0,8291.0,7471.0,6720.0,5939.0,4860.0,4088.0,0.0
574,9368.0,8302.0,8275.0,7367.0,6645.0,5916.0,4879.0,3952.0,4960.0
575,9367.0,8302.0,8261.0,7354.0,6701.0,5976.0,4951.0,3884.0,5040.0
576,9367.0,8309.0,8266.0,7370.0,6747.0,5945.0,4892.0,4065.0,0.0
577,9367.0,8315.0,8272.0,7432.0,6737.0,5986.0,4755.0,4011.0,4960.0
578,9367.0,8319.0,8263.0,7471.0,6681.0,6066.0,4880.0,3926.0,5040.0
579,9366.0,8323.0,8273.0,7452.0,6669.0,6052.0,5028.0,4014.0,0.0
580,9366.0,8322.0,8280.0,7462.0,6650.0,5959.0,4992.0,4078.0,4960.0
581,9366.0,8319.0,8285.0,7393.0,6683.0,5942.0,4897.0,3940.0,5040.0
582,9365.0,8317.0,8280.0,7408.0,6676.0,5985.0,4810.0,3929.0,0.0
583,9365.0,8313.0,8279.0,7410.0,6668.0,5968.0,4864.0,4074.0,4960.0
584,9364.0,8309.0,8287.0,7471.0,6634.0,5878.0,4899.0,3957.0,5040.0
585,9360.0,8308.0,8303.0,7480.0,6606.0,5897.0,4939.0,3896.0,0.0
586,9359.0,8309.0,8314.0,7447.0,6658.0,5997.0,4984.0,4065.0,4960.0
587,9357.0,8316.0,8331.0,7407.0,6749.0,5946.0,4943.0,3985.0,5040.0
588,9355.0,8315.0,8344.0,7449.0,6706.0,5906.0,4855.0,3903.0,0.0
589,9354.0,8318.0,8371.0,7460.0,6617.0,5908.0,4816.0,4022.0,4960.0
590,9353.0,8324.0,8374.0,7440.0,6563.0,5997.0,4916.0,4001.0,5040.0
591,9353.0,8331.0,8378.0,7457.0,6568.0,6020.0,4995.0,3915.0,0.0
592,9353.0,8334.0,8375.0,7473.0,6734.0,5992.0,4962.0,4049.0,4960.0
593,9347.0,8336.0,8354.0,7466.0,6728.0,5947.0,4857.0,4001.0,5040.0
594,9346.0,8341.0,8323.0,7491.0,6702.0,5954.0,4916.0,3866.0,0.0
595,9345.0,8338.0,8320.0,7519.0,6616.0,6002.0,4999.0,4047.0,4960.0
596,9344.0,8338.0,8289.0,7492.0,6473.0,5964.0,4939.0,4027.0,5040.0
597,9343.0,8346.0,8281.0,7438.0,6522.0,5930.0,4760.0,3881.0,0.0
598,9341.0,8350.0,8273.0,7449.0,6647.0,6026.0,4835.0,4010.0,4960.0
599,9340.0,8349.0,8269.0,7462.0,6709.0,6031.0,5012.0,4028.0,5040.0
600,9340.0,8355.0,8243.0,7463.0,6666.0,5979.0,4810.0,3880.0,0.0
601,9337.0,8363.0,8259.0,7495.0,6601.0,6016.0,4766.0,3926.0,4960.0
602,9334.0,8369.0,8290.0,7498.0,6571.0,6062.0,4954.0,4032.0,5040.0
603,9333.0,8374.0,8293.0,7435.0,6676.0,5941.0,4998.0,3949.0,0.0
604,9333.0,8370.0,8316.0,7420.0,6716.0,5962.0,4910.0,3908.0,4960.0
605,9331.0,8378.0,8340.0,7431.0,6703.0,5981.0,4825.0,4019.0,5040.0
606,9330.0,8378.0,8354.0,7459.0,6654.0,6080.0,4832.0,4006.0,0.0
607,9330.0,8379.0,8365.0,7474.0,6639.0,6010.0,4939.0,3910.0,4960.0
608,9329.0,8382.0,8346.0,7458.0,6512.0,5943.0,4939.0,3929.0,5040.0
609,9327.0,8387.0,8342.0,7411.0,6546.0,6007.0,4877.0,4045.0,0.0
610,9326.0,8386.0,8337.0,7425.0,6648.0,6003.0,4841.0,3887.0,4960.0
611,9326.0,8389.0,8334.0,7446.0,6724.0,5899.0,4863.0,3951.0,5040.0
612,9323.0,8395.0,8326.0,7453.0,6650.0,5911.0,4915.0,4013.0,0.0
613,9323.0,8395.0,8294.0,7424.0,6593.0,5940.0,4874.0,3935.0,4960.0
614,9323.0,8394.0,8262.0,7418.0,6498.0,6018.0,4854.0,3991.0,5040.0
615,9323.0,8390.0,8245.0,7452.0,6537.0,6026.0,4909.0,4012.0,0.0
616,9322.0,8392.0,8218.0,7388.0,6617.0,5992.0,4925.0,3908.0,4960.0
617,9321.0,8393.0,8185.0,7444.0,6674.0,5881.0,4954.0,3974.0,5040.0
618,9319.0,8396.0,8158.0,7514.0,6737.0,5886.0,4889.0,4085.0,0.0
619,9320.0,8394.0,8140.0,7514.0,6709.0,5955.0,4853.0,3937.0,4960.0
620,9320.0,8390.0,8131.0,7503.0,6536.0,6004.0,4924.0,3924.0,5040.0
621,9320.0,8380.0,8113.0,7434.0,6554.0,5922.0,4886.0,4040.0,0.0
622,9319.0,8383.0,8105.0,7440.0,6678.0,5931.0,4818.0,3989.0,4960.0
623,9319.0,8388.0,8089.0,7465.0,6668.0,5994.0,4914.0,3940.0,5040.0
624,9319.0,8391.0,8102.0,7498.0,6639.0,6025.0,5002.0,3949.0,0.0
625,9318.0,8400.0,8122.0,7485.0,6659.0,5998.0,4853.0,3973.0,4960.0
626,9318.0,8403.0,8150.0,7488.0,6699.0,6001.0,4843.0,4024.0,5040.0
627,9318.0,8402.0,8170.0,7440.0,6695.0,5958.0,4929.0,3949.0,0.0
628,9318.0,8403.0,8182.0,7420.0,6665.0,5988.0,4914.0,3936.0,4960.0
629,9317.0,8402.0,8209.0,7429.0,6663.0,5998.0,4867.0,3984.0,5040.0
630,9315.0,8401.0,8229.0,7449.0,6687.0,5940.0,4924.0,3908.0,0.0
631,9312.0,8397.0,8234.0,7466.0,6707.0,5911.0,4943.0,3962.0,4960.0
632,9312.0,8395.0,8248.0,7455.0,6677.0,5976.0,4901.0,4046.0,5040.0
633,9311.0,8394.0,8279.0,7442.0,6669.0,5960.0,4947.0,3949.0,0.0
634,9311.0,8396.0,8288.0,7392.0,6714.0,5991.0,4883.0,3986.0,4960.0
635,9311.0,8400.0,8295.0,7391.0,6649.0,6031.0,4880.0,3994.0,5040.0
636,9308.0,8397.0,8317.0,7478.0,6625.0,5970.0,4893.0,4002.0,0.0
637,9306.0,8400.0,8337.0,7519.0,6635.0,5988.0,4798.0,4017.0,4960.0
638,9305.0,8389.0,8345.0,7484.0,6620.0,5980.0,4856.0,3970.0,5040.0
639,9303.0,8391.0,8360.0,7491.0,6603.0,6013.0,4942.0,3989.0,0.0
640,9303.0,8382.0,8369.0,7440.0,6751.0,6072.0,4842.0,4016.0,4960.0
641,9302.0,8381.0,8371.0,7409.0,6790.0,5947.0,4827.0,3902.0,5040.0
642,9302.0,8377.0,8357.0,7373.0,6702.0,5889.0,4937.0,3941.0,0.0
643,9300.0,8370.0,8334.0,7394.0,6632.0,5961.0,4989.0,4070.0,4960.0
644,9299.0,8367.0,8316.0,7442.0,6625.0,5974.0,4960.0,4012.0,5040.0
645,9297.0,8366.0,8291.0,7433.0,6551.0,5989.0,4858.0,3891.0,0.0
646,9293.0,8366.0,8251.0,7465.0,6592.0,6016.0,4869.0,4013.0,4960.0
647,9293.0,8369.0,8199.0,7484.0,6620.0,5960.0,4982.0,4069.0,5040.0
648,9291.0,8374.0,8170.0,7457.0,6681.0,5932.0,4841.0,3948.0,0.0
649,9290.0,8367.0,8137.0,7441.0,6742.0,6041.0,4855.0,3976.0,4960.0
650,9288.0,8365.0,8117.0,7399.0,6725.0,6001.0,4884.0,4000.0,5040.0
651,9288.0,8369.0,8088.0,7376.0,6626.0,5865.0,4890.0,3927.0,0.0
652,9287.0,8373.0,8087.0,7391.0,6633.0,5867.0,4915.0,3953.0,4960.0
653,9287.0,8376.0,8093.0,7490.0,6538.0,5955.0,4948.0,4025.0,5040.0
654,9285.0,8371.0,8128.0,7499.0,6600.0,6092.0,4954.0,3967.0,0.0
655,9285.0,8369.0,8158.0,7487.0,6697.0,5994.0,4917.0,3922.0,4960.0
656,9284.0,8361.0,8191.0,7500.0,6704.0,5958.0,4879.0,4007.0,5040.0
657,9284.0,8361.0,8208.0,7467.0,6704.0,5910.0,4863.0,3995.0,0.0
658,9282.0,8358.0,8224.0,7428.0,6659.0,5963.0,4937.0,3922.0,4960.0
659,9279.0,8356.0,8225.0,7404.0,6633.0,6032.0,4968.0,3934.0,5040.0
660,9279.0,8358.0,8247.0,7438.0,6577.0,5938.0,4914.0,3988.0,0.0
661,9277.0,8359.0,8269.0,7437.0,6620.0,5892.0,4862.0,3963.0,4960.0
662,9276.0,8364.0,8271.0,7521.0,6673.0,5953.0,4871.0,3906.0,5040.0
663,9274.0,8368.0,8274.0,7552.0,6678.0,5985.0,4872.0,3965.0,0.0
664,9272.0,8366.0,8284.0,7523.0,6747.0,5935.0,4870.0,4024.0,4960.0
665,9272.0,8363.0,8320.0,7440.0,6690.0,5917.0,4936.0,3960.0,5040.0
666,9271.0,8354.0,8357.0,7422.0,6614.0,6011.0,4910.0,3994.0,0.0
667,9271.0,8347.0,8356.0,7388.0,6646.0,6014.0,4875.0,4018.0,4960.0
668,9271.0,8353.0,8332.0,7395.0,6709.0,5949.0,4886.0,3904.0,5040.0
669,9271.0,8359.0,8343.0,7391.0,6686.0,5909.0,4870.0,3979.0,0.0
670,9271.0,8361.0,8333.0,7431.0,6631.0,6040.0,4815.0,4012.0,4960.0
671,9268.0,8355.0,8352.0,7430.0,6648.0,6066.0,4879.0,3934.0,5040.0
672,9267.0,8347.0,8354.0,7413.0,6719.0,5944.0,4962.0,3965.0,0.0
673,9267.0,8343.0,8354.0,7388.0,6648.0,5868.0,4848.0,4008.0,4960.0
674,9267.0,8340.0,8332.0,7408.0,6603.0,5918.0,4863.0,3994.0,5040.0
675,9265.0,8336.0,8309.0,7380.0,6595.0,5985.0,4983.0,3964.0,0.0
676,9268.0,8330.0,8281.0,7433.0,6619.0,6023.0,4949.0,3944.0,4960.0
677,9268.0,8321.0,8277.0,7450.0,6621.0,5970.0,4852.0,3947.0,5040.0
678,9267.0,8309.0,8266.0,7487.0,6596.0,5920.0,4860.0,3964.0,0.0
679,9266.0,8308.0,8278.0,7493.0,6614.0,5849.0,4978.0,3983.0,4960.0
680,9265.0,8307.0,8291.0,7484.0,6664.0,5978.0,4877.0,3910.0,5040.0
681,9265.0,8314.0,8283.0,7466.0,6700.0,6053.0,4846.0,3958.0,0.0
682,9263.0,8317.0,8253.0,7495.0,6714.0,6008.0,4903.0,4050.0,4960.0
683,9261.0,8321.0,8247.0,7555.0,6652.0,5984.0,4922.0,3869.0,5040.0
684,9261.0,8322.0,8255.0,7482.0,6582.0,5986.0,4882.0,3962.0,0.0
685,9260.0,8327.0,8282.0,7415.0,6580.0,5951.0,4926.0,4030.0,4960.0
686,9260.0,8337.0,8316.0,7420.0,6661.0,5994.0,4914.0,3874.0,5040.0
687,9260.0,8344.0,8325.0,7451.0,6685.0,5969.0,4891.0,3978.0,0.0
688,9259.0,8343.0,8336.0,7456.0,6712.0,5947.0,4897.0,4013.0,4960.0
689,9260.0,8340.0,8349.0,7498.0,6726.0,5971.0,4956.0,3868.0,5040.0
690,9257.0,8339.0,8323.0,7518.0,6757.0,6018.0,4974.0,3985.0,0.0
691,9257.0,8339.0,8316.0,7515.0,6722.0,5951.0,4895.0,4051.0,4960.0
692,9256.0,8344.0,8309.0,7464.0,6734.0,5925.0,4940.0,3917.0,5040.0
693,9256.0,8342.0,8314.0,7453.0,6811.0,5979.0,4925.0,3955.0,0.0
694,9254.0,8341.0,8322.0,7361.0,6759.0,5990.0,4769.0,4061.0,4960.0
695,9253.0,8339.0,8313.0,7381.0,6573.0,5943.0,4840.0,3993.0,5040.0
696,9252.0,8337.0,8290.0,7425.0,6524.0,5855.0,4948.0,3982.0,0.0
697,9250.0,8332.0,8269.0,7395.0,6658.0,5920.0,4945.0,3982.0,4960.0
698,9250.0,8327.0,8270.0,7417.0,6728.0,5994.0,4854.0,3960.0,5040.0
699,9249.0,8323.0,8245.0,7438.0,6670.0,5904.0,4823.0,3971.0,0.0
700,9247.0,8318.0,8246.0,7471.0,6669.0,5851.0,4853.0,3957.0,4960.0
701,9247.0,8321.0,8271.0,7465.0,6668.0,6017.0,4887.0,3938.0,5040.0
702,9246.0,8324.0,8270.0,7391.0,6712.0,6060.0,4878.0,3969.0,0.0
703,9246.0,8330.0,8265.0,7479.0,6704.0,5990.0,4965.0,4014.0,4960.0
704,9245.0,8340.0,8259.0,7448.0,6641.0,5889.0,4910.0,4039.0,5040.0
705,9244.0,8343.0,8246.0,7382.0,6614.0,5912.0,4861.0,4000.0,0.0
706,9244.0,8350.0,8201.0,7336.0,6594.0,5965.0,4919.0,3890.0,4960.0
707,9241.0,8354.0,8167.0,7313.0,6643.0,6024.0,4941.0,3966.0,5040.0
708,9241.0,8355.0,8137.0,7389.0,6684.0,5943.0,4889.0,4007.0,0.0
709,9240.0,8361.0,8134.0,7478.0,6669.0,5946.0,4846.0,3916.0,4960.0
710,9238.0,8357.0,8131.0,7569.0,6619.0,5983.0,4921.0,3997.0,5040.0
711,9238.0,8357.0,8154.0,7622.0,6636.0,5929.0,4916.0,4019.0,0.0
712,9236.0,8354.0,8169.0,7532.0,6722.0,5930.0,4849.0,3882.0,4960.0
713,9233.0,8351.0,8192.0,7456.0,6709.0,6067.0,4872.0,4002.0,5040.0
714,9232.0,8348.0,8200.0,7363.0,6636.0,6007.0,4909.0,4035.0,0.0
715,9232.0,8343.0,8233.0,7332.0,6575.0,5926.0,4964.0,3890.0,4960.0
716,9231.0,8344.0,8266.0,7396.0,6596.0,5986.0,4815.0,3965.0,5040.0
717,9229.0,8343.0,8268.0,7501.0,6681.0,5960.0,4798.0,4066.0,0.0
718,9228.0,8346.0,8285.0,7546.0,6765.0,5977.0,4966.0,3947.0,4960.0
719,9228.0,8351.0,8306.0,7525.0,6690.0,6042.0,4930.0,3966.0,5040.0
720,9228.0,8362.0,8326.0,7457.0,6644.0,5980.0,4828.0,3983.0,0.0
721,9228.0,8368.0,8370.0,7387.0,6620.0,5850.0,4903.0,3955.0,4960.0
722,9227.0,8367.0,8377.0,7359.0,6723.0,5895.0,4932.0,3986.0,5040.0
723,9227.0,8370.0,8390.0,7408.0,6703.0,5970.0,4827.0,4007.0,0.0
724,9227.0,8364.0,8396.0,7437.0,6665.0,6015.0,4826.0,3906.0,4960.0
725,9227.0,8361.0,8380.0,7504.0,6595.0,5904.0,4953.0,3959.0,5040.0
726,9226.0,8358.0,8383.0,7452.0,6575.0,5937.0,4900.0,3974.0,0.0
727,9226.0,8355.0,8365.0,7399.0,6627.0,6018.0,4847.0,3974.0,4960.0
728,9224.0,8353.0,8358.0,7364.0,6704.0,6006.0,4863.0,3992.0,5040.0
729,9222.0,8350.0,8353.0,7341.0,6757.0,5936.0,4894.0,3971.0,0.0
730,9220.0,8344.0,8354.0,7412.0,6755.0,5884.0,4973.0,4002.0,4960.0
731,9219.0,8345.0,8337.0,7443.0,6653.0,5930.0,4911.0,3960.0,5040.0
732,9218.0,8349.0,8310.0,7407.0,6600.0,6030.0,4857.0,3922.0,0.0
733,9214.0,8352.0,8327.0,7460.0,6657.0,5963.0,4882.0,3969.0,4960.0
734,9214.0,8352.0,8333.0,7483.0,6619.0,5929.0,4940.0,3934.0,5040.0
735,9212.0,8341.0,8295.0,7529.0,6625.0,5953.0,4935.0,3956.0,0.0
736,9212.0,8339.0,8282.0,7544.0,6666.0,6008.0,4849.0,4026.0,4960.0
737,9209.0,8332.0,8260.0,7542.0,6627.0,6015.0,4939.0,3926.0,5040.0
738,9210.0,8326.0,8239.0,7480.0,6681.0,5961.0,5011.0,3964.0,0.0
739,9207.0,8315.0,8230.0,7422.0,6782.0,5958.0,4881.0,4034.0,4960.0
740,9209.0,8314.0,8233.0,7360.0,6711.0,5979.0,4867.0,3933.0,5040.0
741,9210.0,8314.0,8228.0,7312.0,6650.0,6024.0,4894.0,3996.0,0.0
742,9209.0,8312.0,8226.0,7361.0,6566.0,5983.0,4896.0,4050.0,4960.0
743,9209.0,8326.0,8241.0,7476.0,6568.0,5948.0,4897.0,3899.0,5040.0
744,9207.0,8326.0,8254.0,7550.0,6592.0,5965.0,4921.0,3904.0,0.0
745,9207.0,8335.0,8255.0,7543.0,6599.0,5973.0,4900.0,4016.0,4960.0
746,9203.0,8349.0,8275.0,7500.0,6619.0,5984.0,4864.0,3970.0,5040.0
747,9201.0,8357.0,8279.0,7479.0,6738.0,5956.0,4890.0,3994.0,0.0
748,9200.0,8370.0,8281.0,7458.0,6716.0,5976.0,4958.0,4012.0,4960.0
749,9199.0,8380.0,8234.0,7445.0,6644.0,5956.0,4861.0,3938.0,5040.0
750,9198.0,8385.0,8245.0,7430.0,6647.0,5910.0,4868.0,3964.0,0.0
751,9196.0,8381.0,8231.0,7443.0,6664.0,5991.0,4939.0,3984.0,4960.0
752,9193.0,8374.0,8233.0,7420.0,6728.0,5992.0,4906.0,3989.0,5040.0
753,9191.0,8376.0,8226.0,7403.0,6669.0,5905.0,4884.0,4007.0,0.0
754,9190.0,8371.0,8198.0,7432.0,6600.0,5930.0,4846.0,3935.0,4960.0
755,9190.0,8369.0,8184.0,7469.0,6594.0,5962.0,4940.0,4015.0,5040.0
756,9189.0,8364.0,8201.0,7431.0,6621.0,6013.0,4991.0,4014.0,0.0
757,9188.0,8359.0,8214.0,7400.0,6640.0,6058.0,4862.0,3942.0,4960.0
758,9185.0,8356.0,8240.0,7432.0,6691.0,5937.0,4821.0,3980.0,5040.0
759,9183.0,8353.0,8250.0,7488.0,6700.0,5887.0,4905.0,4014.0,0.0
760,9183.0,8352.0,8280.0,7475.0,6569.0,5935.0,4902.0,3967.0,4960.0
761,9182.0,8345.0,8274.0,7448.0,6556.0,6006.0,4891.0,3948.0,5040.0
762,9182.0,8344.0,8286.0,7459.0,6652.0,5915.0,4887.0,3981.0,0.0
763,9181.0,8344.0,8302.0,7416.0,6731.0,5857.0,4904.0,4001.0,4960.0
764,9181.0,8344.0,8328.0,7406.0,6692.0,5955.0,4900.0,3947.0,5040.0
765,9182.0,8342.0,8338.0,7441.0,6638.0,6061.0,4856.0,3973.0,0.0
766,9181.0,8341.0,8333.0,7445.0,6597.0,5983.0,4800.0,3986.0,4960.0
767,9181.0,8340.0,8344.0,7441.0,6663.0,5901.0,4925.0,3951.0,5040.0
768,9181.0,8334.0,8362.0,7414.0,6691.0,5938.0,4973.0,3978.0,0.0
769,9182.0,8331.0,8366.0,7443.0,6705.0,5964.0,4872.0,3982.0,4960.0
770,9179.0,8327.0,8352.0,7410.0,6651.0,5949.0,4915.0,3968.0,5040.0
771,9179.0,8329.0,8360.0,7391.0,6685.0,5925.0,4966.0,3956.0,0.0
772,9179.0,8327.0,8354.0,7407.0,6649.0,6015.0,4876.0,3948.0,4960.0
773,9175.0,8324.0,8317.0,7504.0,6623.0,6007.0,4832.0,4042.0,5040.0
774,9172.0,8327.0,8298.0,7538.0,6662.0,5936.0,4826.0,4045.0,0.0
775,9172.0,8332.0,8316.0,7480.0,6721.0,5980.0,4871.0,3924.0,4960.0
776,9171.0,8331.0,8318.0,7475.0,6726.0,6033.0,4906.0,3983.0,5040.0
777,9171.0,8331.0,8326.0,7444.0,6574.0,6047.0,4872.0,4031.0,0.0
778,9171.0,8317.0,8346.0,7462.0,6575.0,5952.0,4948.0,3911.0,4960.0
779,9172.0,8312.0,8345.0,7423.0,6619.0,5923.0,4906.0,3932.0,5040.0
780,9169.0,8310.0,8329.0,7364.0,6710.0,5974.0,4859.0,4008.0,0.0
781,9169.0,8311.0,8306.0,7430.0,6768.0,6049.0,4951.0,3963.0,4960.0
782,9168.0,8311.0,8288.0,7437.0,6680.0,6020.0,4948.0,3924.0,5040.0
783,9167.0,8307.0,8250.0,7469.0,6592.0,5953.0,4867.0,3924.0,0.0
784,9167.0,8307.0,8222.0,7446.0,6569.0,5957.0,4849.0,4023.0,4960.0
785,9167.0,8308.0,8214.0,7444.0,6637.0,5904.0,4945.0,4010.0,5040.0
786,9167.0,8307.0,8194.0,7510.0,6665.0,5969.0,4948.0,3927.0,0.0
787,9166.0,8308.0,8184.0,7570.0,6641.0,5965.0,4937.0,3959.0,4960.0
788,9166.0,8314.0,8180.0,7565.0,6664.0,5929.0,4918.0,4007.0,5040.0
789,9165.0,8311.0,8197.0,7551.0,6694.0,5947.0,4888.0,3983.0,0.0
790,9165.0,8313.0,8205.0,7495.0,6702.0,5992.0,4875.0,3983.0,4960.0
791,9164.0,8310.0,8184.0,7464.0,6678.0,5997.0,4868.0,4007.0,5040.0
792,9162.0,8307.0,8175.0,7466.0,6642.0,5987.0,4875.0,3985.0,0.0
793,9159.0,8307.0,8154.0,7403.0,6636.0,5963.0,4947.0,3990.0,4960.0
794,9158.0,8309.0,8149.0,7430.0,6654.0,5951.0,4927.0,4004.0,5040.0
795,9157.0,8316.0,8149.0,7386.0,6642.0,6015.0,4870.0,3946.0,0.0
796,9156.0,8326.0,8176.0,7420.0,6650.0,6097.0,4825.0,3987.0,4960.0
797,9153.0,8337.0,8193.0,7432.0,6623.0,5990.0,4859.0,3997.0,5040.0
798,9151.0,8342.0,8218.0,7395.0,6645.0,6010.0,4952.0,4011.0,0.0
799,9151.0,8352.0,8213.0,7391.0,6650.0,6114.0,4940.0,3934.0,4960.0
800,9151.0,8354.0,8206.0,7399.0,6577.0,5998.0,4868.0,3956.0,5040.0
801,9149.0,8359.0,8216.0,7424.0,6576.0,5944.0,4803.0,4030.0,0.0
802,9148.0,8353.0,8251.0,7402.0,6634.0,5872.0,4881.0,3958.0,4960.0
803,9151.0,8352.0,8262.0,7315.0,6640.0,5939.0,5022.0,3966.0,5040.0
804,9156.0,8345.0,8266.0,7379.0,6586.0,6041.0,4836.0,4033.0,0.0
805,9164.0,8336.0,8266.0,7416.0,6553.0,6031.0,4840.0,3963.0,4960.0
806,9164.0,8330.0,8264.0,7416.0,6600.0,6005.0,4954.0,3918.0,5040.0
807,9165.0,8320.0,8261.0,7448.0,6646.0,5968.0,4943.0,4044.0,0.0
808,9165.0,8315.0,8247.0,7441.0,6705.0,5943.0,4819.0,3977.0,4960.0
809,9165.0,8308.0,8248.0,7512.0,6658.0,5996.0,4824.0,3870.0,5040.0
810,9164.0,8303.0,8240.0,7512.0,6582.0,5956.0,4927.0,4044.0,0.0
811,9162.0,8299.0,8240.0,7455.0,6576.0,5939.0,4938.0,4007.0,4960.0
812,9160.0,8292.0,8253.0,7407.0,6628.0,5969.0,4895.0,3854.0,5040.0
813,9159.0,8288.0,8240.0,7359.0,6712.0,6044.0,4961.0,4051.0,0.0
814,9158.0,8281.0,8260.0,7397.0,6675.0,5980.0,4931.0,4076.0,4960.0
815,9156.0,8276.0,8297.0,7425.0,6625.0,5926.0,4843.0,3803.0,5040.0
816,9156.0,8268.0,8312.0,7428.0,6580.0,5941.0,4857.0,3943.0,0.0
817,9156.0,8266.0,8319.0,7470.0,6600.0,6027.0,4883.0,4056.0,4960.0
818,9154.0,8257.0,8316.0,7467.0,6638.0,6021.0,4867.0,3922.0,5040.0
819,9154.0,8255.0,8326.0,7500.0,6640.0,5942.0,4882.0,3924.0,0.0
820,9152.0,8251.0,8320.0,7453.0,6642.0,5945.0,4886.0,4009.0,4960.0
821,9151.0,8250.0,8331.0,7418.0,6627.0,5905.0,4874.0,3972.0,5040.0
822,9150.0,8242.0,8335.0,7367.0,6614.0,5927.0,4884.0,3944.0,0.0
823,9149.0,8232.0,8349.0,7337.0,6598.0,5974.0,4867.0,3961.0,4960.0
824,9150.0,8231.0,8348.0,7360.0,6670.0,5898.0,4885.0,3946.0,5040.0
825,9149.0,8233.0,8337.0,7404.0,6633.0,5874.0,4923.0,3982.0,0.0
826,9148.0,8228.0,8328.0,7484.0,6576.0,5983.0,4938.0,4004.0,4960.0
827,9148.0,8229.0,8300.0,7520.0,6578.0,6028.0,4914.0,3977.0,5040.0
828,9148.0,8230.0,8290.0,7475.0,6605.0,5953.0,4905.0,4063.0,0.0
829,9152.0,8226.0,8257.0,7455.0,6531.0,5901.0,4928.0,3963.0,4960.0
830,9155.0,8230.0,8234.0,7402.0,6587.0,6012.0,4794.0,3936.0,5040.0
831,9158.0,8229.0,8214.0,7352.0,6711.0,6048.0,4770.0,4028.0,0.0
832,9158.0,8230.0,8193.0,7336.0,6671.0,5992.0,4999.0,3988.0,4960.0
833,9156.0,8234.0,8162.0,7408.0,6568.0,5908.0,4991.0,3928.0,5040.0
834,9156.0,8235.0,8175.0,7512.0,6693.0,5904.0,4801.0,4012.0,0.0
835,9156.0,8241.0,8194.0,7533.0,6748.0,5936.0,4869.0,4022.0,4960.0
836,9155.0,8241.0,8230.0,7497.0,6709.0,5945.0,4935.0,3890.0,5040.0
837,9155.0,8240.0,8257.0,7446.0,6639.0,6048.0,4943.0,3971.0,0.0
838,9153.0,8246.0,8269.0,7428.0,6649.0,6047.0,4859.0,4084.0,4960.0
839,9153.0,8249.0,8263.0,7404.0,6639.0,5974.0,4826.0,3912.0,5040.0
840,9153.0,8255.0,8249.0,7464.0,6607.0,5983.0,4896.0,3931.0,0.0
841,9151.0,8245.0,8243.0,7466.0,6656.0,5994.0,4912.0,4007.0,4960.0
842,9150.0,8246.0,8239.0,7481.0,6651.0,5970.0,4898.0,3911.0,5040.0
843,9149.0,8257.0,8257.0,7509.0,6604.0,5927.0,4940.0,4039.0,0.0
844,9147.0,8260.0,8282.0,7547.0,6593.0,5931.0,4933.0,4081.0,4960.0
845,9145.0,8271.0,8287.0,7528.0,6646.0,6003.0,4896.0,3855.0,5040.0
846,9144.0,8273.0,8296.0,7457.0,6673.0,5932.0,4801.0,3975.0,0.0
847,9144.0,8270.0,8288.0,7402.0,6693.0,5878.0,4856.0,4050.0,4960.0
848,9143.0,8270.0,8290.0,7399.0,6667.0,5908.0,4927.0,3905.0,5040.0
849,9142.0,8271.0,8306.0,7413.0,6645.0,5993.0,4932.0,3986.0,0.0
850,9136.0,8270.0,8351.0,7428.0,6688.0,6059.0,4867.0,4044.0,4960.0
851,9136.0,8269.0,8396.0,7470.0,6746.0,5997.0,4879.0,3954.0,5040.0
852,9136.0,8264.0,8409.0,7488.0,6642.0,5936.0,4946.0,3955.0,0.0
853,9136.0,8268.0,8404.0,7504.0,6625.0,5906.0,4865.0,3966.0,4960.0
854,9133.0,8268.0,8407.0,7508.0,6603.0,5968.0,4881.0,3937.0,5040.0
855,9133.0,8270.0,8375.0,7490.0,6660.0,5985.0,4991.0,3971.0,0.0
856,9133.0,8268.0,8355.0,7446.0,6660.0,5937.0,4860.0,3951.0,4960.0
857,9132.0,8267.0,8357.0,7412.0,6646.0,5909.0,4742.0,3976.0,5040.0
858,9131.0,8264.0,8346.0,7435.0,6638.0,5998.0,4935.0,3961.0,0.0
859,9131.0,8262.0,8330.0,7455.0,6633.0,5997.0,4993.0,3977.0,4960.0
860,9130.0,8262.0,8307.0,7470.0,6644.0,5954.0,4820.0,3991.0,5040.0
861,9126.0,8260.0,8293.0,7450.0,6639.0,5960.0,4824.0,3965.0,0.0
862,9127.0,8255.0,8289.0,7439.0,6589.0,5978.0,4935.0,3982.0,4960.0
863,9128.0,8258.0,8280.0,7482.0,6647.0,5984.0,4936.0,3970.0,5040.0
864,9127.0,8258.0,8258.0,7508.0,6586.0,5972.0,4797.0,3991.0,0.0
865,9127.0,8259.0,8265.0,7551.0,6565.0,6042.0,4873.0,4000.0,4960.0
866,9127.0,8258.0,8258.0,7545.0,6609.0,6060.0,5034.0,3926.0,5040.0
867,9126.0,8256.0,8233.0,7477.0,6644.0,5960.0,4895.0,3959.0,0.0
868,9126.0,8252.0,8241.0,7428.0,6640.0,5837.0,4810.0,3983.0,4960.0
869,9126.0,8245.0,8260.0,7410.0,6695.0,5914.0,4893.0,3934.0,5040.0
870,9127.0,8242.0,8248.0,7425.0,6738.0,6129.0,4928.0,4007.0,0.0
871,9126.0,8234.0,8234.0,7399.0,6774.0,6016.0,4988.0,3962.0,4960.0
872,9126.0,8234.0,8232.0,7431.0,6697.0,5870.0,4909.0,3958.0,5040.0
873,9126.0,8233.0,8238.0,7491.0,6515.0,5842.0,4934.0,4014.0,0.0
874,9123.0,8233.0,8233.0,7499.0,6573.0,5932.0,4925.0,3903.0,4960.0
875,9122.0,8233.0,8262.0,7458.0,6698.0,6063.0,4875.0,3944.0,5040.0
876,9126.0,8235.0,8269.0,7442.0,6809.0,6030.0,4923.0,4028.0,0.0
877,9129.0,8239.0,8288.0,7422.0,6706.0,5949.0,4980.0,3947.0,4960.0
878,9129.0,8243.0,8301.0,7416.0,6621.0,5920.0,4924.0,3971.0,5040.0
879,9131.0,8253.0,8301.0,7413.0,6651.0,6011.0,4861.0,3992.0,0.0
880,9131.0,8254.0,8266.0,7421.0,6639.0,5961.0,4943.0,3941.0,4960.0
881,9131.0,8254.0,8266.0,7483.0,6584.0,5835.0,4933.0,3984.0,5040.0
882,9130.0,8252.0,8270.0,7439.0,6614.0,5947.0,4840.0,4021.0,0.0
883,9129.0,8254.0,8246.0,7443.0,6727.0,6036.0,4834.0,4005.0,4960.0
884,9127.0,8254.0,8234.0,7441.0,6708.0,5883.0,4954.0,3940.0,5040.0
885,9127.0,8257.0,8230.0,7441.0,6634.0,5979.0,5006.0,3930.0,0.0
886,9126.0,8253.0,8217.0,7431.0,6623.0,6045.0,4871.0,4029.0,4960.0
887,9126.0,8246.0,8219.0,7417.0,6668.0,5991.0,4797.0,3954.0,5040.0
888,9125.0,8248.0,8240.0,7398.0,6745.0,5957.0,4876.0,3951.0,0.0
889,9124.0,8248.0,8278.0,7443.0,6746.0,5919.0,4896.0,4014.0,4960.0
890,9122.0,8243.0,8296.0,7494.0,6664.0,5963.0,4888.0,3982.0,5040.0
891,9121.0,8244.0,8278.0,7512.0,6666.0,6022.0,4895.0,3965.0,0.0
892,9122.0,8242.0,8272.0,7491.0,6669.0,5969.0,4868.0,3979.0,4960.0
893,9121.0,8238.0,8269.0,7514.0,6705.0,5956.0,4860.0,3976.0,5040.0
894,9121.0,8240.0,8275.0,7538.0,6594.0,5985.0,4936.0,3952.0,0.0
895,9120.0,8241.0,8295.0,7487.0,6562.0,6009.0,4937.0,3949.0,4960.0
896,9117.0,8250.0,8275.0,7489.0,6636.0,5912.0,4926.0,3947.0,5040.0
897,9118.0,8262.0,8248.0,7470.0,6692.0,5940.0,4858.0,3965.0,0.0
898,9122.0,8265.0,8249.0,7465.0,6631.0,6039.0,4838.0,4006.0,4960.0
899,9123.0,8269.0,8260.0,7430.0,6633.0,6001.0,4910.0,3931.0,5040.0
900,9123.0,8272.0,8269.0,7453.0,6642.0,6010.0,4945.0,3906.0,0.0
901,9123.0,8272.0,8257.0,7534.0,6647.0,5981.0,4865.0,4032.0,4960.0
902,9122.0,8278.0,8254.0,7516.0,6667.0,5933.0,4885.0,4001.0,5040.0
903,9123.0,8278.0,8264.0,7466.0,6603.0,5925.0,4892.0,3906.0,0.0
904,9125.0,8282.0,8264.0,7484.0,6610.0,5969.0,4927.0,4044.0,4960.0
905,9125.0,8285.0,8252.0,7468.0,6682.0,5930.0,4873.0,3962.0,5040.0
906,9124.0,8280.0,8253.0,7399.0,6658.0,5912.0,4925.0,3841.0,0.0
907,9123.0,8283.0,8253.0,7381.0,6723.0,5939.0,4940.0,4061.0,4960.0
908,9120.0,8295.0,8245.0,7387.0,6684.0,5976.0,4795.0,3999.0,5040.0
909,9119.0,8303.0,8231.0,7516.0,6696.0,5997.0,4858.0,3838.0,0.0
910,9117.0,8312.0,8228.0,7557.0,6665.0,5911.0,4970.0,4009.0,4960.0
911,9117.0,8326.0,8234.0,7518.0,6648.0,5880.0,4873.0,4057.0,5040.0
912,9114.0,8337.0,8209.0,7490.0,6643.0,5891.0,4861.0,3927.0,0.0
913,9112.0,8343.0,8206.0,7418.0,6702.0,5962.0,4873.0,3990.0,4960.0
914,9110.0,8344.0,8221.0,7422.0,6692.0,6036.0,4858.0,4031.0,5040.0
915,9110.0,8346.0,8226.0,7428.0,6558.0,6040.0,4945.0,3930.0,0.0
916,9111.0,8350.0,8236.0,7484.0,6598.0,5881.0,4959.0,3919.0,4960.0
917,9112.0,8375.0,8248.0,7498.0,6685.0,5905.0,4864.0,4012.0,5040.0
918,9112.0,8388.0,8245.0,7446.0,6633.0,6016.0,4843.0,3992.0,0.0
919,9112.0,8395.0,8234.0,7431.0,6599.0,6025.0,4917.0,3925.0,4960.0
920,9110.0,8400.0,8217.0,7472.0,6659.0,5860.0,4948.0,3975.0,5040.0
921,9109.0,8400.0,8200.0,7423.0,6680.0,5886.0,4821.0,3996.0,0.0
922,9109.0,8400.0,8185.0,7397.0,6623.0,6050.0,4829.0,3941.0,4960.0
923,9108.0,8410.0,8184.0,7384.0,6733.0,6066.0,4977.0,4009.0,5040.0
924,9107.0,8414.0,8194.0,7449.0,6714.0,6027.0,4957.0,3991.0,0.0
925,9107.0,8418.0,8173.0,7516.0,6613.0,5918.0,4864.0,3936.0,4960.0
926,9106.0,8424.0,8178.0,7497.0,6634.0,5917.0,4874.0,3983.0,5040.0
927,9105.0,8429.0,8178.0,7415.0,6690.0,6060.0,4865.0,3995.0,0.0
928,9105.0,8438.0,8200.0,7431.0,6712.0,6063.0,4912.0,3965.0,4960.0
929,9105.0,8439.0,8210.0,7389.0,6633.0,5947.0,4898.0,3965.0,5040.0
930,9102.0,8435.0,8232.0,7377.0,6553.0,5894.0,4909.0,4057.0,0.0
931,9101.0,8440.0,8256.0,7372.0,6607.0,5944.0,4909.0,3940.0,4960.0
932,9101.0,8440.0,8268.0,7403.0,6636.0,6050.0,4960.0,3921.0,5040.0
933,9101.0,8434.0,8291.0,7488.0,6659.0,6060.0,4859.0,3970.0,0.0
934,9100.0,8430.0,8293.0,7498.0,6706.0,5995.0,4853.0,3972.0,4960.0
935,9100.0,8432.0,8300.0,7484.0,6682.0,6013.0,4967.0,3948.0,5040.0
936,9100.0,8427.0,8286.0,7479.0,6662.0,5970.0,4908.0,3956.0,0.0
937,9100.0,8431.0,8278.0,7450.0,6739.0,5940.0,4768.0,4028.0,4960.0
938,9099.0,8437.0,8273.0,7428.0,6750.0,5910.0,4963.0,3992.0,5040.0
939,9098.0,8434.0,8278.0,7424.0,6730.0,5936.0,5021.0,3869.0,0.0
940,9097.0,8437.0,8282.0,7384.0,6707.0,6027.0,4833.0,3950.0,4960.0
941,9097.0,8446.0,8275.0,7375.0,6633.0,6040.0,4882.0,4065.0,5040.0
942,9097.0,8444.0,8277.0,7330.0,6633.0,5963.0,4984.0,3899.0,0.0
943,9099.0,8452.0,8263.0,7460.0,6679.0,5980.0,4910.0,3934.0,4960.0
944,9100.0,8455.0,8260.0,7472.0,6731.0,5977.0,4805.0,4058.0,5040.0
945,9100.0,8454.0,8232.0,7515.0,6730.0,5993.0,4924.0,3924.0,0.0
946,9104.0,8457.0,8225.0,7581.0,6709.0,6027.0,4929.0,3893.0,4960.0
947,9105.0,8459.0,8218.0,7500.0,6633.0,5967.0,4870.0,4096.0,5040.0
948,9107.0,8457.0,8241.0,7421.0,6603.0,5948.0,4899.0,3975.0,0.0
949,9108.0,8452.0,8274.0,7411.0,6657.0,5898.0,4930.0,3878.0,4960.0
950,9108.0,8448.0,8301.0,7365.0,6671.0,5980.0,4876.0,4040.0,5040.0
951,9106.0,8444.0,8314.0,7375.0,6644.0,6010.0,4889.0,3961.0,0.0
952,9105.0,8448.0,8326.0,7401.0,6673.0,5970.0,4952.0,3926.0,4960.0
953,9104.0,8446.0,8318.0,7481.0,6651.0,5887.0,4941.0,4028.0,5040.0
954,9104.0,8443.0,8321.0,7524.0,6679.0,5923.0,4885.0,3962.0,0.0
955,9103.0,8448.0,8332.0,7514.0,6725.0,5983.0,4888.0,3962.0,4960.0
956,9101.0,8443.0,8327.0,7460.0,6725.0,6005.0,4890.0,4037.0,5040.0
957,9097.0,8436.0,8330.0,7364.0,6660.0,5982.0,4808.0,3977.0,0.0
958,9096.0,8435.0,8345.0,7328.0,6634.0,5953.0,4886.0,3939.0,4960.0
959,9096.0,8424.0,8327.0,7341.0,6600.0,5968.0,5063.0,3931.0,5040.0
960,9096.0,8414.0,8311.0,7414.0,6628.0,6012.0,4911.0,4006.0,0.0
961,9092.0,8409.0,8298.0,7531.0,6613.0,6067.0,4850.0,3982.0,4960.0
962,9092.0,8409.0,8280.0,7579.0,6604.0,5987.0,4986.0,3956.0,5040.0
963,9092.0,8398.0,8257.0,7544.0,6653.0,5968.0,4948.0,3970.0,0.0
964,9091.0,8390.0,8246.0,7547.0,6732.0,5934.0,4801.0,3950.0,4960.0
965,9091.0,8385.0,8247.0,7509.0,6726.0,5889.0,4843.0,3981.0,5040.0
966,9088.0,8378.0,8225.0,7461.0,6668.0,5872.0,4973.0,3957.0,0.0
967,9087.0,8371.0,8211.0,7443.0,6579.0,5987.0,4947.0,3982.0,4960.0
968,9086.0,8374.0,8199.0,7468.0,6638.0,6064.0,4809.0,4028.0,5040.0
969,9085.0,8371.0,8194.0,7472.0,6762.0,5937.0,4838.0,3935.0,0.0
970,9083.0,8371.0,8193.0,7460.0,6717.0,5900.0,4982.0,3963.0,4960.0
971,9083.0,8374.0,8192.0,7503.0,6593.0,5915.0,4971.0,4018.0,5040.0
972,9082.0,8378.0,8206.0,7481.0,6603.0,5937.0,4907.0,3967.0,0.0
973,9082.0,8376.0,8207.0,7520.0,6661.0,5910.0,4879.0,3918.0,4960.0
974,9081.0,8373.0,8198.0,7494.0,6629.0,5981.0,4871.0,4005.0,5040.0
975,9081.0,8373.0,8239.0,7445.0,6670.0,5965.0,4890.0,4027.0,0.0
976,9080.0,8368.0,8231.0,7409.0,6727.0,5978.0,4900.0,4007.0,4960.0
977,9080.0,8366.0,8233.0,7356.0,6691.0,6018.0,4894.0,4034.0,5040.0
978,9080.0,8373.0,8261.0,7400.0,6632.0,5964.0,4864.0,3976.0,0.0
979,9080.0,8374.0,8285.0,7484.0,6585.0,5919.0,4898.0,3984.0,4960.0
980,9079.0,8386.0,8307.0,7544.0,6595.0,5923.0,4929.0,4043.0,5040.0
981,9079.0,8393.0,8291.0,7535.0,6633.0,5958.0,4915.0,3938.0,0.0
982,9079.0,8401.0,8298.0,7487.0,6634.0,6020.0,4956.0,3946.0,4960.0
983,9079.0,8408.0,8314.0,7523.0,6760.0,5986.0,4888.0,4021.0,5040.0
984,9077.0,8417.0,8312.0,7581.0,6739.0,5947.0,4913.0,3922.0,0.0
985,9077.0,8414.0,8297.0,7555.0,6645.0,5931.0,4905.0,3913.0,4960.0
986,9076.0,8419.0,8289.0,7470.0,6605.0,5950.0,4901.0,3984.0,5040.0
987,9076.0,8420.0,8265.0,7431.0,6564.0,5897.0,4908.0,3961.0,0.0
988,9076.0,8415.0,8254.0,7418.0,6571.0,6003.0,4977.0,3943.0,4960.0
989,9076.0,8396.0,8249.0,7380.0,6644.0,5994.0,4988.0,4010.0,5040.0
990,9076.0,8393.0,8227.0,7382.0,6676.0,5836.0,4901.0,3943.0,0.0
991,9075.0,8393.0,8207.0,7459.0,6595.0,5885.0,4820.0,3921.0,4960.0
992,9075.0,8391.0,8195.0,7564.0,6615.0,6009.0,4867.0,3949.0,5040.0
993,9073.0,8387.0,8185.0,7552.0,6612.0,6041.0,4960.0,4035.0,0.0
994,9073.0,8383.0,8190.0,7492.0,6700.0,5934.0,4927.0,3976.0,4960.0
995,9073.0,8376.0,8187.0,7480.0,6726.0,5902.0,4840.0,3939.0,5040.0
996,9072.0,8367.0,8175.0,7462.0,6628.0,5991.0,4907.0,4002.0,0.0
997,9072.0,8369.0,8148.0,7413.0,6549.0,6007.0,5005.0,3974.0,4960.0
998,9072.0,8366.0,8144.0,7401.0,6605.0,5998.0,4820.0,4013.0,5040.0
999,9072.0,8369.0,8154.0,7467.0,6675.0,5908.0,4815.0,3966.0,0.0
