,0.0001,0.001,0.01,0.1,0.2,0.3,0.5,0.75,1
0,4944.0,5021.0,4983.0,4944.0,4998.0,5002.0,4928.0,4982.0,5040.0
1,4944.0,5006.0,4822.0,3588.0,2677.0,2211.0,1516.0,1053.0,0.0
2,4945.0,4971.0,4503.0,1791.0,1139.0,1233.0,1950.0,2981.0,4960.0
3,4945.0,4902.0,4041.0,1016.0,1541.0,2213.0,3655.0,4921.0,5040.0
4,4945.0,4801.0,3393.0,1157.0,2190.0,2859.0,2933.0,1955.0,0.0
5,4945.0,4654.0,2714.0,1526.0,2409.0,2526.0,2134.0,2472.0,4960.0
6,4943.0,4488.0,1991.0,1823.0,2117.0,2066.0,2689.0,4358.0,5040.0
7,4938.0,4292.0,1377.0,2025.0,1840.0,2104.0,2954.0,2685.0,0.0
8,4929.0,4061.0,943.0,2072.0,1906.0,2319.0,2595.0,2332.0,4960.0
9,4911.0,3792.0,690.0,1973.0,2001.0,2282.0,2506.0,3879.0,5040.0
10,4892.0,3503.0,596.0,1897.0,2045.0,2244.0,2769.0,3011.0,0.0
11,4868.0,3188.0,570.0,1826.0,2003.0,2249.0,2669.0,2524.0,4960.0
12,4839.0,2849.0,598.0,1761.0,2055.0,2181.0,2563.0,3433.0,5040.0
13,4809.0,2538.0,638.0,1693.0,2040.0,2229.0,2656.0,3175.0,0.0
14,4768.0,2233.0,717.0,1684.0,2011.0,2222.0,2658.0,2725.0,4960.0
15,4713.0,1908.0,795.0,1695.0,2014.0,2289.0,2584.0,3164.0,5040.0
16,4655.0,1599.0,883.0,1844.0,1957.0,2265.0,2650.0,3236.0,0.0
17,4598.0,1307.0,970.0,1899.0,1960.0,2132.0,2732.0,2857.0,4960.0
18,4528.0,1061.0,1050.0,1841.0,1945.0,2172.0,2593.0,2975.0,5040.0
19,4457.0,881.0,1126.0,1808.0,2086.0,2245.0,2652.0,3258.0,0.0
20,4384.0,730.0,1185.0,1844.0,2155.0,2303.0,2709.0,3003.0,4960.0
21,4317.0,611.0,1234.0,1740.0,2030.0,2240.0,2668.0,2919.0,5040.0
22,4245.0,517.0,1303.0,1680.0,1921.0,2244.0,2578.0,3160.0,0.0
23,4177.0,464.0,1345.0,1722.0,1957.0,2238.0,2714.0,3114.0,4960.0
24,4106.0,420.0,1418.0,1763.0,2108.0,2222.0,2716.0,2946.0,5040.0
25,4027.0,387.0,1471.0,1788.0,2069.0,2252.0,2640.0,3043.0,0.0
26,3935.0,371.0,1524.0,1774.0,1973.0,2260.0,2662.0,3162.0,4960.0
27,3843.0,353.0,1566.0,1820.0,1976.0,2176.0,2638.0,3019.0,5040.0
28,3743.0,351.0,1588.0,1832.0,1995.0,2285.0,2599.0,3003.0,0.0
29,3639.0,345.0,1615.0,1798.0,2048.0,2280.0,2654.0,3100.0,4960.0
30,3546.0,341.0,1646.0,1826.0,2035.0,2162.0,2742.0,3075.0,5040.0
31,3450.0,345.0,1674.0,1839.0,1991.0,2110.0,2602.0,2989.0,0.0
32,3361.0,354.0,1673.0,1740.0,1876.0,2300.0,2663.0,3060.0,4960.0
33,3277.0,357.0,1693.0,1758.0,1940.0,2243.0,2701.0,3046.0,5040.0
34,3206.0,363.0,1727.0,1769.0,2041.0,2255.0,2644.0,3029.0,0.0
35,3137.0,375.0,1737.0,1803.0,1995.0,2184.0,2654.0,3040.0,4960.0
36,3070.0,385.0,1735.0,1874.0,1982.0,2242.0,2625.0,3035.0,5040.0
37,2999.0,391.0,1758.0,1888.0,2022.0,2171.0,2676.0,3058.0,0.0
38,2931.0,400.0,1757.0,1883.0,2006.0,2232.0,2595.0,3035.0,4960.0
39,2860.0,407.0,1782.0,1835.0,2013.0,2346.0,2618.0,3041.0,5040.0
40,2778.0,422.0,1811.0,1803.0,2048.0,2317.0,2702.0,3038.0,0.0
41,2695.0,437.0,1796.0,1781.0,1938.0,2146.0,2629.0,3100.0,4960.0
42,2602.0,444.0,1802.0,1783.0,1996.0,2110.0,2638.0,3044.0,5040.0
43,2496.0,451.0,1796.0,1778.0,2032.0,2331.0,2600.0,3031.0,0.0
44,2387.0,462.0,1787.0,1826.0,2036.0,2314.0,2657.0,3031.0,4960.0
45,2287.0,472.0,1789.0,1853.0,2042.0,2196.0,2706.0,3053.0,5040.0
46,2190.0,477.0,1758.0,1845.0,2020.0,2215.0,2657.0,3020.0,0.0
47,2096.0,481.0,1753.0,1840.0,2098.0,2216.0,2583.0,3035.0,4960.0
48,2020.0,485.0,1751.0,1880.0,2049.0,2206.0,2678.0,3075.0,5040.0
49,1942.0,492.0,1722.0,1840.0,2067.0,2213.0,2691.0,3033.0,0.0
50,1864.0,503.0,1691.0,1733.0,1987.0,2308.0,2593.0,3027.0,4960.0
51,1782.0,516.0,1645.0,1683.0,2020.0,2293.0,2655.0,3068.0,5040.0
52,1706.0,525.0,1610.0,1712.0,2039.0,2224.0,2673.0,3038.0,0.0
53,1636.0,531.0,1578.0,1786.0,2055.0,2132.0,2625.0,3022.0,4960.0
54,1572.0,542.0,1578.0,1877.0,2005.0,2275.0,2660.0,3072.0,5040.0
55,1499.0,551.0,1592.0,1882.0,2044.0,2301.0,2674.0,2985.0,0.0
56,1435.0,566.0,1583.0,1882.0,2053.0,2283.0,2592.0,3121.0,4960.0
57,1376.0,577.0,1605.0,1804.0,2054.0,2250.0,2612.0,3061.0,5040.0
58,1321.0,579.0,1605.0,1802.0,1995.0,2248.0,2769.0,2965.0,0.0
59,1279.0,591.0,1623.0,1803.0,2015.0,2281.0,2661.0,3100.0,4960.0
60,1237.0,602.0,1642.0,1786.0,2014.0,2184.0,2619.0,3054.0,5040.0
61,1199.0,612.0,1643.0,1765.0,1993.0,2188.0,2666.0,2983.0,0.0
62,1168.0,620.0,1648.0,1804.0,2008.0,2262.0,2653.0,3068.0,4960.0
63,1137.0,630.0,1637.0,1799.0,1964.0,2300.0,2544.0,3090.0,5040.0
64,1112.0,640.0,1605.0,1813.0,2063.0,2139.0,2661.0,3045.0,0.0
65,1085.0,653.0,1597.0,1834.0,2090.0,2206.0,2775.0,2977.0,4960.0
66,1065.0,658.0,1599.0,1866.0,2044.0,2221.0,2679.0,3140.0,5040.0
67,1037.0,668.0,1595.0,1904.0,1978.0,2231.0,2600.0,3015.0,0.0
68,1021.0,679.0,1608.0,1852.0,1922.0,2284.0,2574.0,3034.0,4960.0
69,1008.0,690.0,1616.0,1725.0,1966.0,2222.0,2757.0,3083.0,5040.0
70,988.0,694.0,1626.0,1690.0,2080.0,2134.0,2673.0,3060.0,0.0
71,968.0,700.0,1619.0,1736.0,2077.0,2200.0,2589.0,2973.0,4960.0
72,947.0,710.0,1588.0,1840.0,2025.0,2240.0,2568.0,3038.0,5040.0
73,921.0,714.0,1560.0,1951.0,1941.0,2249.0,2730.0,3157.0,0.0
74,891.0,726.0,1552.0,1924.0,1938.0,2279.0,2732.0,3006.0,4960.0
75,865.0,734.0,1545.0,1859.0,1963.0,2229.0,2651.0,3004.0,5040.0
76,836.0,741.0,1535.0,1766.0,2008.0,2220.0,2689.0,3113.0,0.0
77,808.0,745.0,1518.0,1803.0,1967.0,2306.0,2608.0,2993.0,4960.0
78,781.0,755.0,1503.0,1830.0,2009.0,2216.0,2661.0,2980.0,5040.0
79,755.0,762.0,1502.0,1844.0,1999.0,2208.0,2641.0,3142.0,0.0
80,725.0,762.0,1487.0,1825.0,2047.0,2229.0,2636.0,3009.0,4960.0
81,693.0,764.0,1489.0,1780.0,2054.0,2222.0,2611.0,3027.0,5040.0
82,667.0,774.0,1487.0,1778.0,1957.0,2326.0,2705.0,3099.0,0.0
83,638.0,777.0,1530.0,1759.0,1911.0,2267.0,2605.0,3021.0,4960.0
84,605.0,790.0,1544.0,1771.0,2002.0,2191.0,2625.0,3020.0,5040.0
85,569.0,796.0,1558.0,1768.0,2042.0,2251.0,2559.0,3100.0,0.0
86,543.0,805.0,1573.0,1780.0,2079.0,2231.0,2652.0,3048.0,4960.0
87,530.0,808.0,1602.0,1805.0,2008.0,2224.0,2705.0,2985.0,5040.0
88,519.0,812.0,1614.0,1807.0,1954.0,2315.0,2650.0,3068.0,0.0
89,503.0,819.0,1603.0,1816.0,1952.0,2246.0,2603.0,3092.0,4960.0
90,491.0,824.0,1616.0,1846.0,1970.0,2198.0,2584.0,2985.0,5040.0
91,482.0,836.0,1629.0,1826.0,2015.0,2159.0,2737.0,3006.0,0.0
92,465.0,844.0,1651.0,1798.0,2141.0,2257.0,2721.0,3120.0,4960.0
93,456.0,851.0,1679.0,1794.0,2079.0,2276.0,2579.0,3082.0,5040.0
94,449.0,854.0,1708.0,1777.0,2012.0,2240.0,2629.0,3001.0,0.0
95,441.0,860.0,1711.0,1752.0,1992.0,2246.0,2720.0,3022.0,4960.0
96,428.0,864.0,1703.0,1811.0,1998.0,2263.0,2571.0,3069.0,5040.0
97,415.0,875.0,1672.0,1829.0,1979.0,2325.0,2614.0,3036.0,0.0
98,400.0,886.0,1682.0,1833.0,2032.0,2237.0,2653.0,3023.0,4960.0
99,393.0,897.0,1700.0,1819.0,2041.0,2199.0,2666.0,3035.0,5040.0
100,391.0,903.0,1696.0,1749.0,2102.0,2309.0,2696.0,3066.0,0.0
101,390.0,913.0,1690.0,1727.0,2098.0,2274.0,2598.0,3026.0,4960.0
102,391.0,921.0,1706.0,1805.0,1998.0,2175.0,2594.0,3052.0,5040.0
103,392.0,928.0,1701.0,1839.0,1967.0,2178.0,2679.0,3117.0,0.0
104,391.0,930.0,1691.0,1822.0,1962.0,2239.0,2623.0,3015.0,4960.0
105,390.0,939.0,1706.0,1830.0,1990.0,2262.0,2576.0,3081.0,5040.0
106,388.0,947.0,1744.0,1805.0,2022.0,2223.0,2676.0,3094.0,0.0
107,387.0,956.0,1760.0,1791.0,1984.0,2230.0,2696.0,2989.0,4960.0
108,389.0,964.0,1760.0,1783.0,1975.0,2314.0,2607.0,3017.0,5040.0
109,390.0,974.0,1745.0,1723.0,2024.0,2320.0,2623.0,3110.0,0.0
110,390.0,979.0,1716.0,1767.0,2023.0,2169.0,2701.0,3015.0,4960.0
111,391.0,987.0,1701.0,1800.0,2050.0,2154.0,2722.0,3014.0,5040.0
112,393.0,995.0,1683.0,1821.0,2067.0,2252.0,2609.0,3130.0,0.0
113,392.0,1003.0,1668.0,1773.0,2041.0,2305.0,2633.0,2996.0,4960.0
114,392.0,1006.0,1633.0,1751.0,2049.0,2288.0,2696.0,2987.0,5040.0
115,395.0,1012.0,1591.0,1777.0,2114.0,2193.0,2635.0,3130.0,0.0
116,395.0,1017.0,1562.0,1814.0,2050.0,2180.0,2714.0,3013.0,4960.0
117,397.0,1020.0,1525.0,1760.0,1940.0,2297.0,2661.0,2977.0,5040.0
118,398.0,1022.0,1497.0,1780.0,1983.0,2395.0,2634.0,3123.0,0.0
119,398.0,1023.0,1495.0,1778.0,2050.0,2187.0,2656.0,3076.0,4960.0
120,398.0,1031.0,1487.0,1753.0,2067.0,2177.0,2728.0,2981.0,5040.0
121,399.0,1036.0,1494.0,1847.0,1971.0,2247.0,2655.0,3102.0,0.0
122,402.0,1047.0,1519.0,1842.0,2061.0,2330.0,2639.0,3063.0,4960.0
123,402.0,1051.0,1545.0,1867.0,2055.0,2298.0,2619.0,2966.0,5040.0
124,403.0,1051.0,1542.0,1895.0,1988.0,2209.0,2715.0,3071.0,0.0
125,406.0,1061.0,1541.0,1890.0,1970.0,2197.0,2714.0,3086.0,4960.0
126,407.0,1070.0,1558.0,1884.0,2019.0,2248.0,2581.0,2991.0,5040.0
127,407.0,1074.0,1580.0,1823.0,2036.0,2233.0,2602.0,3100.0,0.0
128,407.0,1083.0,1611.0,1766.0,2048.0,2187.0,2687.0,3035.0,4960.0
129,407.0,1087.0,1660.0,1746.0,2030.0,2311.0,2736.0,3059.0,5040.0
130,407.0,1094.0,1661.0,1736.0,2005.0,2238.0,2565.0,3056.0,0.0
131,408.0,1101.0,1668.0,1744.0,2020.0,2149.0,2568.0,3048.0,4960.0
132,411.0,1111.0,1679.0,1763.0,1990.0,2285.0,2802.0,3031.0,5040.0
133,412.0,1123.0,1689.0,1777.0,1935.0,2269.0,2695.0,3081.0,0.0
134,412.0,1131.0,1699.0,1726.0,1958.0,2242.0,2541.0,3027.0,4960.0
135,412.0,1129.0,1714.0,1730.0,2016.0,2216.0,2623.0,3045.0,5040.0
136,412.0,1133.0,1709.0,1728.0,2034.0,2255.0,2731.0,3043.0,0.0
137,413.0,1141.0,1708.0,1800.0,2042.0,2210.0,2751.0,3082.0,4960.0
138,415.0,1146.0,1712.0,1780.0,2064.0,2165.0,2552.0,3037.0,5040.0
139,415.0,1151.0,1711.0,1837.0,2006.0,2244.0,2602.0,2970.0,0.0
140,416.0,1156.0,1722.0,1819.0,1855.0,2181.0,2728.0,3109.0,4960.0
141,417.0,1159.0,1710.0,1833.0,1975.0,2303.0,2634.0,3098.0,5040.0
142,417.0,1166.0,1703.0,1814.0,2031.0,2257.0,2689.0,2952.0,0.0
143,418.0,1177.0,1687.0,1786.0,2051.0,2280.0,2662.0,3096.0,4960.0
144,418.0,1182.0,1665.0,1796.0,2075.0,2307.0,2639.0,3058.0,5040.0
145,419.0,1189.0,1640.0,1817.0,2075.0,2230.0,2662.0,2997.0,0.0
146,421.0,1192.0,1626.0,1781.0,2017.0,2284.0,2656.0,3073.0,4960.0
147,421.0,1189.0,1648.0,1750.0,1987.0,2274.0,2700.0,3008.0,5040.0
148,421.0,1195.0,1636.0,1765.0,1978.0,2159.0,2667.0,2999.0,0.0
149,419.0,1196.0,1629.0,1793.0,2050.0,2245.0,2634.0,3104.0,4960.0
150,418.0,1199.0,1614.0,1839.0,2050.0,2191.0,2588.0,3008.0,5040.0
151,417.0,1200.0,1617.0,1872.0,2054.0,2208.0,2665.0,3030.0,0.0
152,417.0,1205.0,1613.0,1871.0,2016.0,2262.0,2727.0,3142.0,4960.0
153,415.0,1212.0,1579.0,1895.0,2045.0,2234.0,2598.0,2971.0,5040.0
154,413.0,1210.0,1597.0,1909.0,2042.0,2190.0,2615.0,3025.0,0.0
155,411.0,1211.0,1611.0,1778.0,1965.0,2299.0,2744.0,3090.0,4960.0
156,410.0,1217.0,1608.0,1779.0,2005.0,2254.0,2704.0,3058.0,5040.0
157,410.0,1222.0,1606.0,1787.0,2044.0,2211.0,2593.0,2981.0,0.0
158,409.0,1230.0,1629.0,1782.0,2103.0,2224.0,2594.0,3071.0,4960.0
159,410.0,1241.0,1642.0,1783.0,2140.0,2247.0,2663.0,3099.0,5040.0
160,411.0,1248.0,1637.0,1780.0,2059.0,2321.0,2655.0,3016.0,0.0
161,412.0,1252.0,1633.0,1827.0,2023.0,2248.0,2603.0,3024.0,4960.0
162,412.0,1253.0,1627.0,1810.0,1947.0,2188.0,2650.0,3056.0,5040.0
163,414.0,1255.0,1609.0,1812.0,2016.0,2221.0,2697.0,3045.0,0.0
164,414.0,1258.0,1601.0,1811.0,1984.0,2241.0,2609.0,3053.0,4960.0
165,416.0,1255.0,1614.0,1856.0,2004.0,2290.0,2611.0,3012.0,5040.0
166,418.0,1258.0,1629.0,1906.0,1955.0,2261.0,2715.0,3032.0,0.0
167,419.0,1263.0,1621.0,1904.0,1928.0,2223.0,2702.0,3028.0,4960.0
168,419.0,1260.0,1629.0,1869.0,2049.0,2232.0,2607.0,3098.0,5040.0
169,419.0,1269.0,1645.0,1827.0,1980.0,2240.0,2663.0,3021.0,0.0
170,419.0,1278.0,1640.0,1818.0,1948.0,2289.0,2685.0,3007.0,4960.0
171,421.0,1287.0,1648.0,1798.0,2020.0,2236.0,2638.0,3117.0,5040.0
172,421.0,1291.0,1651.0,1761.0,2008.0,2197.0,2649.0,3025.0,0.0
173,422.0,1295.0,1647.0,1743.0,1972.0,2250.0,2701.0,2996.0,4960.0
174,423.0,1305.0,1661.0,1776.0,1906.0,2173.0,2672.0,3047.0,5040.0
175,425.0,1312.0,1676.0,1826.0,1946.0,2218.0,2592.0,3074.0,0.0
176,426.0,1314.0,1655.0,1826.0,2037.0,2213.0,2707.0,2992.0,4960.0
177,427.0,1316.0,1640.0,1862.0,1992.0,2179.0,2735.0,3029.0,5040.0
178,428.0,1318.0,1640.0,1926.0,1974.0,2211.0,2581.0,3105.0,0.0
179,431.0,1323.0,1644.0,1879.0,1986.0,2259.0,2590.0,2973.0,4960.0
180,435.0,1333.0,1657.0,1783.0,2001.0,2273.0,2715.0,3072.0,5040.0
181,437.0,1343.0,1652.0,1699.0,1985.0,2261.0,2659.0,3050.0,0.0
182,437.0,1351.0,1647.0,1666.0,1977.0,2195.0,2639.0,3029.0,4960.0
183,437.0,1352.0,1643.0,1769.0,1941.0,2291.0,2682.0,2989.0,5040.0
184,437.0,1357.0,1646.0,1872.0,2003.0,2273.0,2641.0,3041.0,0.0
185,442.0,1360.0,1651.0,1867.0,2056.0,2207.0,2668.0,3086.0,4960.0
186,442.0,1369.0,1672.0,1868.0,2023.0,2162.0,2691.0,2951.0,5040.0
187,442.0,1379.0,1692.0,1836.0,2002.0,2227.0,2600.0,3090.0,0.0
188,444.0,1383.0,1710.0,1799.0,1927.0,2260.0,2598.0,3090.0,4960.0
189,444.0,1393.0,1698.0,1743.0,2026.0,2203.0,2702.0,2968.0,5040.0
190,444.0,1399.0,1665.0,1691.0,2074.0,2309.0,2697.0,3096.0,0.0
191,445.0,1402.0,1669.0,1736.0,2070.0,2264.0,2628.0,3040.0,4960.0
192,445.0,1406.0,1662.0,1802.0,1945.0,2285.0,2675.0,3003.0,5040.0
193,447.0,1411.0,1665.0,1821.0,1979.0,2192.0,2693.0,3053.0,0.0
194,447.0,1416.0,1648.0,1849.0,1988.0,2205.0,2650.0,3005.0,4960.0
195,447.0,1414.0,1670.0,1873.0,2030.0,2235.0,2587.0,3118.0,5040.0
196,448.0,1417.0,1673.0,1865.0,2012.0,2256.0,2673.0,2989.0,0.0
197,451.0,1421.0,1691.0,1832.0,1989.0,2188.0,2707.0,3127.0,4960.0
198,452.0,1425.0,1699.0,1855.0,1974.0,2217.0,2622.0,3015.0,5040.0
199,452.0,1423.0,1702.0,1870.0,2032.0,2245.0,2665.0,2996.0,0.0
200,452.0,1427.0,1673.0,1773.0,2093.0,2234.0,2655.0,3150.0,4960.0
201,452.0,1427.0,1652.0,1767.0,1971.0,2205.0,2671.0,3047.0,5040.0
202,452.0,1431.0,1638.0,1742.0,1968.0,2193.0,2604.0,2994.0,0.0
203,453.0,1434.0,1647.0,1783.0,2034.0,2199.0,2670.0,3103.0,4960.0
204,453.0,1435.0,1653.0,1695.0,2055.0,2338.0,2637.0,3042.0,5040.0
205,452.0,1435.0,1655.0,1694.0,1995.0,2344.0,2679.0,2986.0,0.0
206,453.0,1440.0,1664.0,1671.0,2016.0,2194.0,2613.0,3095.0,4960.0
207,456.0,1449.0,1649.0,1745.0,2040.0,2191.0,2699.0,3074.0,5040.0
208,456.0,1463.0,1656.0,1845.0,2070.0,2291.0,2642.0,2986.0,0.0
209,456.0,1475.0,1652.0,1805.0,2030.0,2357.0,2656.0,3037.0,4960.0
210,456.0,1487.0,1652.0,1797.0,1988.0,2272.0,2553.0,3111.0,5040.0
211,456.0,1493.0,1639.0,1801.0,2016.0,2229.0,2691.0,3063.0,0.0
212,458.0,1499.0,1637.0,1819.0,2053.0,2242.0,2710.0,2980.0,4960.0
213,460.0,1511.0,1625.0,1846.0,2053.0,2267.0,2700.0,3044.0,5040.0
214,461.0,1511.0,1616.0,1739.0,2013.0,2217.0,2622.0,3067.0,0.0
215,465.0,1514.0,1616.0,1732.0,1992.0,2269.0,2597.0,2983.0,4960.0
216,468.0,1520.0,1611.0,1733.0,2002.0,2275.0,2705.0,3081.0,5040.0
217,468.0,1522.0,1613.0,1745.0,2013.0,2216.0,2639.0,3129.0,0.0
218,468.0,1525.0,1598.0,1808.0,1974.0,2317.0,2648.0,2941.0,4960.0
219,469.0,1520.0,1585.0,1810.0,2003.0,2261.0,2643.0,3025.0,5040.0
220,470.0,1517.0,1583.0,1810.0,1998.0,2224.0,2721.0,3175.0,0.0
221,470.0,1517.0,1574.0,1827.0,2010.0,2208.0,2634.0,2942.0,4960.0
222,471.0,1522.0,1583.0,1891.0,2033.0,2339.0,2625.0,2989.0,5040.0
223,473.0,1517.0,1597.0,1858.0,2010.0,2209.0,2649.0,3208.0,0.0
224,473.0,1523.0,1600.0,1805.0,2014.0,2295.0,2655.0,2998.0,4960.0
225,476.0,1527.0,1598.0,1795.0,2038.0,2215.0,2613.0,2937.0,5040.0
226,477.0,1533.0,1611.0,1781.0,1974.0,2205.0,2703.0,3203.0,0.0
227,479.0,1537.0,1601.0,1822.0,1970.0,2246.0,2565.0,3034.0,4960.0
228,480.0,1537.0,1597.0,1845.0,2040.0,2336.0,2625.0,2903.0,5040.0
229,481.0,1538.0,1604.0,1819.0,1999.0,2173.0,2712.0,3127.0,0.0
230,485.0,1543.0,1595.0,1843.0,1986.0,2198.0,2655.0,3164.0,4960.0
231,485.0,1546.0,1608.0,1810.0,1982.0,2309.0,2638.0,2940.0,5040.0
232,486.0,1545.0,1629.0,1769.0,2028.0,2238.0,2661.0,3014.0,0.0
233,487.0,1556.0,1669.0,1763.0,2045.0,2239.0,2689.0,3122.0,4960.0
234,489.0,1561.0,1709.0,1733.0,2070.0,2241.0,2673.0,3063.0,5040.0
235,489.0,1558.0,1735.0,1779.0,1960.0,2242.0,2683.0,2977.0,0.0
236,489.0,1563.0,1745.0,1824.0,1941.0,2249.0,2634.0,3109.0,4960.0
237,490.0,1568.0,1740.0,1831.0,1951.0,2198.0,2600.0,2993.0,5040.0
238,491.0,1569.0,1736.0,1786.0,2081.0,2230.0,2646.0,3027.0,0.0
239,491.0,1572.0,1735.0,1749.0,2083.0,2210.0,2698.0,3098.0,4960.0
240,491.0,1573.0,1679.0,1719.0,2060.0,2193.0,2701.0,3096.0,5040.0
241,491.0,1570.0,1656.0,1764.0,1964.0,2298.0,2588.0,2955.0,0.0
242,492.0,1575.0,1652.0,1810.0,1943.0,2306.0,2637.0,3031.0,4960.0
243,495.0,1587.0,1654.0,1785.0,2031.0,2181.0,2693.0,3132.0,5040.0
244,496.0,1586.0,1650.0,1753.0,2124.0,2223.0,2696.0,3002.0,0.0
245,496.0,1585.0,1644.0,1797.0,2047.0,2221.0,2663.0,3000.0,4960.0
246,496.0,1591.0,1623.0,1822.0,2016.0,2313.0,2575.0,3092.0,5040.0
247,495.0,1591.0,1634.0,1896.0,2066.0,2229.0,2638.0,3013.0,0.0
248,496.0,1588.0,1638.0,1862.0,2026.0,2223.0,2704.0,3006.0,4960.0
249,495.0,1595.0,1637.0,1831.0,1995.0,2264.0,2598.0,3098.0,5040.0
250,492.0,1592.0,1620.0,1845.0,2004.0,2284.0,2625.0,3012.0,0.0
251,493.0,1582.0,1609.0,1833.0,1998.0,2176.0,2693.0,3066.0,4960.0
252,494.0,1581.0,1590.0,1815.0,2024.0,2229.0,2667.0,3066.0,5040.0
253,494.0,1587.0,1587.0,1791.0,2027.0,2262.0,2615.0,3044.0,0.0
254,495.0,1588.0,1574.0,1813.0,1918.0,2278.0,2686.0,3022.0,4960.0
255,496.0,1590.0,1584.0,1846.0,1947.0,2259.0,2608.0,3056.0,5040.0
256,497.0,1600.0,1569.0,1873.0,2021.0,2216.0,2579.0,2990.0,0.0
257,497.0,1597.0,1597.0,1800.0,2002.0,2257.0,2750.0,3104.0,4960.0
258,498.0,1593.0,1615.0,1810.0,2040.0,2210.0,2609.0,3119.0,5040.0
259,498.0,1586.0,1626.0,1815.0,2056.0,2197.0,2549.0,3000.0,0.0
260,498.0,1581.0,1630.0,1849.0,2005.0,2297.0,2737.0,2995.0,4960.0
261,498.0,1573.0,1654.0,1893.0,1937.0,2277.0,2671.0,3124.0,5040.0
262,499.0,1564.0,1638.0,1800.0,1996.0,2231.0,2614.0,3016.0,0.0
263,499.0,1564.0,1633.0,1797.0,2022.0,2276.0,2685.0,3009.0,4960.0
264,500.0,1555.0,1611.0,1830.0,2019.0,2248.0,2672.0,3121.0,5040.0
265,501.0,1552.0,1612.0,1847.0,2045.0,2264.0,2620.0,2983.0,0.0
266,502.0,1545.0,1597.0,1819.0,1966.0,2202.0,2577.0,3023.0,4960.0
267,502.0,1548.0,1590.0,1773.0,2039.0,2235.0,2742.0,3145.0,5040.0
268,504.0,1547.0,1603.0,1787.0,1966.0,2213.0,2798.0,2997.0,0.0
269,506.0,1547.0,1607.0,1838.0,1950.0,2247.0,2558.0,2981.0,4960.0
270,507.0,1546.0,1626.0,1820.0,2025.0,2195.0,2594.0,3115.0,5040.0
271,508.0,1543.0,1622.0,1800.0,2025.0,2219.0,2703.0,3054.0,0.0
272,508.0,1543.0,1618.0,1779.0,2032.0,2281.0,2721.0,2964.0,4960.0
273,509.0,1538.0,1612.0,1788.0,2052.0,2295.0,2669.0,3093.0,5040.0
274,512.0,1536.0,1622.0,1813.0,2087.0,2250.0,2591.0,3111.0,0.0
275,514.0,1544.0,1639.0,1872.0,2049.0,2257.0,2698.0,3027.0,4960.0
276,516.0,1553.0,1657.0,1917.0,2101.0,2217.0,2609.0,3071.0,5040.0
277,512.0,1557.0,1640.0,1914.0,1956.0,2211.0,2695.0,2990.0,0.0
278,512.0,1563.0,1644.0,1836.0,1983.0,2274.0,2698.0,3008.0,4960.0
279,511.0,1572.0,1658.0,1831.0,2117.0,2297.0,2608.0,3114.0,5040.0
280,510.0,1580.0,1665.0,1795.0,2103.0,2232.0,2648.0,3024.0,0.0
281,512.0,1574.0,1655.0,1795.0,2049.0,2213.0,2669.0,3000.0,4960.0
282,512.0,1578.0,1645.0,1772.0,2028.0,2239.0,2655.0,3076.0,5040.0
283,514.0,1585.0,1651.0,1723.0,2025.0,2187.0,2649.0,3025.0,0.0
284,516.0,1589.0,1673.0,1651.0,2052.0,2283.0,2670.0,3011.0,4960.0
285,517.0,1597.0,1692.0,1622.0,2017.0,2258.0,2671.0,3038.0,5040.0
286,518.0,1597.0,1709.0,1775.0,1955.0,2151.0,2579.0,3080.0,0.0
287,519.0,1596.0,1700.0,1814.0,2001.0,2158.0,2658.0,3019.0,4960.0
288,522.0,1597.0,1695.0,1896.0,2090.0,2229.0,2750.0,3023.0,5040.0
289,523.0,1597.0,1703.0,1847.0,1961.0,2333.0,2628.0,3093.0,0.0
290,522.0,1594.0,1704.0,1852.0,1998.0,2325.0,2617.0,3046.0,4960.0
291,522.0,1599.0,1710.0,1853.0,2104.0,2187.0,2637.0,3059.0,5040.0
292,520.0,1599.0,1680.0,1816.0,2006.0,2219.0,2693.0,3031.0,0.0
293,517.0,1600.0,1656.0,1748.0,1976.0,2233.0,2583.0,3053.0,4960.0
294,513.0,1599.0,1647.0,1711.0,2054.0,2307.0,2690.0,3036.0,5040.0
295,510.0,1597.0,1623.0,1764.0,2118.0,2268.0,2642.0,3074.0,0.0
296,505.0,1603.0,1591.0,1777.0,2077.0,2262.0,2658.0,3067.0,4960.0
297,505.0,1608.0,1562.0,1739.0,2035.0,2259.0,2693.0,3028.0,5040.0
298,503.0,1608.0,1537.0,1756.0,2061.0,2195.0,2605.0,3070.0,0.0
299,505.0,1610.0,1540.0,1720.0,1967.0,2184.0,2592.0,3039.0,4960.0
300,506.0,1612.0,1541.0,1776.0,1946.0,2264.0,2797.0,2994.0,5040.0
301,507.0,1606.0,1536.0,1795.0,1993.0,2276.0,2585.0,3109.0,0.0
302,509.0,1610.0,1550.0,1834.0,1989.0,2269.0,2525.0,3048.0,4960.0
303,510.0,1606.0,1575.0,1858.0,1963.0,2224.0,2669.0,3015.0,5040.0
304,511.0,1598.0,1615.0,1833.0,2047.0,2258.0,2724.0,3048.0,0.0
305,511.0,1597.0,1655.0,1774.0,2026.0,2185.0,2636.0,3062.0,4960.0
306,513.0,1596.0,1673.0,1744.0,2017.0,2212.0,2640.0,3078.0,5040.0
307,513.0,1597.0,1677.0,1813.0,1976.0,2356.0,2616.0,3033.0,0.0
308,515.0,1606.0,1700.0,1748.0,1991.0,2255.0,2729.0,3088.0,4960.0
309,515.0,1617.0,1704.0,1756.0,2014.0,2175.0,2583.0,2982.0,5040.0
310,515.0,1617.0,1712.0,1727.0,1973.0,2306.0,2561.0,3032.0,0.0
311,516.0,1615.0,1704.0,1735.0,2005.0,2250.0,2718.0,3115.0,4960.0
312,516.0,1615.0,1687.0,1732.0,2020.0,2261.0,2689.0,3013.0,5040.0
313,516.0,1619.0,1692.0,1751.0,1981.0,2236.0,2621.0,3008.0,0.0
314,518.0,1625.0,1689.0,1850.0,2021.0,2278.0,2573.0,3107.0,4960.0
315,518.0,1633.0,1673.0,1850.0,2051.0,2243.0,2639.0,3086.0,5040.0
316,519.0,1642.0,1657.0,1888.0,2005.0,2233.0,2680.0,2978.0,0.0
317,519.0,1649.0,1664.0,1824.0,2055.0,2223.0,2653.0,3134.0,4960.0
318,519.0,1650.0,1650.0,1785.0,2004.0,2257.0,2604.0,3027.0,5040.0
319,521.0,1651.0,1648.0,1761.0,2036.0,2263.0,2633.0,3013.0,0.0
320,523.0,1654.0,1632.0,1735.0,1985.0,2257.0,2620.0,3096.0,4960.0
321,523.0,1663.0,1632.0,1766.0,1994.0,2221.0,2633.0,2990.0,5040.0
322,524.0,1665.0,1626.0,1802.0,1966.0,2226.0,2700.0,3040.0,0.0
323,524.0,1674.0,1600.0,1829.0,2013.0,2229.0,2653.0,3093.0,4960.0
324,525.0,1680.0,1592.0,1849.0,2030.0,2271.0,2562.0,3018.0,5040.0
325,526.0,1677.0,1577.0,1852.0,2143.0,2318.0,2683.0,3073.0,0.0
326,527.0,1676.0,1566.0,1789.0,2062.0,2210.0,2655.0,3033.0,4960.0
327,527.0,1678.0,1558.0,1717.0,2024.0,2200.0,2673.0,3036.0,5040.0
328,528.0,1672.0,1531.0,1777.0,1974.0,2209.0,2725.0,3041.0,0.0
329,529.0,1667.0,1520.0,1844.0,1980.0,2250.0,2614.0,3090.0,4960.0
330,529.0,1658.0,1515.0,1897.0,2049.0,2286.0,2587.0,3046.0,5040.0
331,532.0,1654.0,1515.0,1911.0,2065.0,2267.0,2648.0,2977.0,0.0
332,532.0,1656.0,1507.0,1863.0,2037.0,2200.0,2786.0,3107.0,4960.0
333,532.0,1655.0,1476.0,1790.0,2010.0,2226.0,2580.0,3074.0,5040.0
334,534.0,1655.0,1474.0,1749.0,2095.0,2263.0,2559.0,2967.0,0.0
335,535.0,1654.0,1465.0,1762.0,2040.0,2242.0,2773.0,3072.0,4960.0
336,536.0,1652.0,1481.0,1798.0,1975.0,2224.0,2646.0,3109.0,5040.0
337,536.0,1652.0,1500.0,1760.0,1947.0,2247.0,2573.0,3010.0,0.0
338,537.0,1649.0,1507.0,1786.0,1947.0,2234.0,2652.0,3044.0,4960.0
339,537.0,1645.0,1535.0,1827.0,2076.0,2224.0,2705.0,3074.0,5040.0
340,538.0,1637.0,1542.0,1840.0,2062.0,2178.0,2608.0,3053.0,0.0
341,538.0,1635.0,1537.0,1830.0,1925.0,2200.0,2627.0,2988.0,4960.0
342,538.0,1624.0,1529.0,1729.0,1963.0,2267.0,2665.0,3060.0,5040.0
343,538.0,1612.0,1528.0,1702.0,2025.0,2227.0,2686.0,3066.0,0.0
344,539.0,1611.0,1542.0,1769.0,2035.0,2256.0,2637.0,3003.0,4960.0
345,541.0,1597.0,1554.0,1784.0,2091.0,2200.0,2602.0,3095.0,5040.0
346,541.0,1600.0,1583.0,1783.0,2119.0,2319.0,2671.0,3058.0,0.0
347,541.0,1603.0,1598.0,1797.0,1999.0,2208.0,2638.0,3011.0,4960.0
348,541.0,1611.0,1609.0,1840.0,1978.0,2108.0,2677.0,3075.0,5040.0
349,541.0,1618.0,1640.0,1854.0,1949.0,2158.0,2646.0,3034.0,0.0
350,542.0,1629.0,1632.0,1786.0,2023.0,2288.0,2645.0,3022.0,4960.0
351,542.0,1640.0,1648.0,1767.0,2072.0,2340.0,2651.0,3041.0,5040.0
352,543.0,1646.0,1643.0,1799.0,2078.0,2271.0,2616.0,3028.0,0.0
353,544.0,1651.0,1664.0,1840.0,2007.0,2236.0,2637.0,3066.0,4960.0
354,544.0,1646.0,1696.0,1827.0,1971.0,2218.0,2674.0,3108.0,5040.0
355,544.0,1639.0,1714.0,1793.0,2029.0,2268.0,2642.0,2981.0,0.0
356,545.0,1631.0,1740.0,1772.0,2049.0,2305.0,2658.0,3019.0,4960.0
357,546.0,1628.0,1742.0,1758.0,2017.0,2280.0,2656.0,3115.0,5040.0
358,547.0,1629.0,1714.0,1746.0,2048.0,2139.0,2601.0,3030.0,0.0
359,550.0,1632.0,1705.0,1725.0,2042.0,2199.0,2719.0,2985.0,4960.0
360,550.0,1639.0,1679.0,1750.0,1936.0,2230.0,2637.0,3122.0,5040.0
361,551.0,1646.0,1653.0,1809.0,1956.0,2260.0,2616.0,3022.0,0.0
362,550.0,1649.0,1649.0,1804.0,2025.0,2263.0,2697.0,2998.0,4960.0
363,549.0,1650.0,1639.0,1825.0,2142.0,2230.0,2663.0,3134.0,5040.0
364,549.0,1649.0,1620.0,1782.0,2142.0,2203.0,2612.0,3056.0,0.0
365,550.0,1658.0,1608.0,1770.0,2074.0,2158.0,2642.0,3007.0,4960.0
366,550.0,1665.0,1611.0,1729.0,1968.0,2293.0,2653.0,3065.0,5040.0
367,550.0,1674.0,1632.0,1696.0,1916.0,2257.0,2714.0,2999.0,0.0
368,551.0,1687.0,1630.0,1766.0,1997.0,2212.0,2626.0,3017.0,4960.0
369,551.0,1690.0,1637.0,1812.0,2042.0,2176.0,2705.0,3133.0,5040.0
370,552.0,1697.0,1666.0,1787.0,1964.0,2272.0,2698.0,2998.0,0.0
371,553.0,1700.0,1673.0,1787.0,2084.0,2266.0,2594.0,3021.0,4960.0
372,553.0,1697.0,1700.0,1856.0,2033.0,2186.0,2644.0,3096.0,5040.0
373,554.0,1700.0,1719.0,1861.0,2024.0,2190.0,2704.0,3027.0,0.0
374,551.0,1702.0,1721.0,1814.0,2022.0,2154.0,2651.0,3081.0,4960.0
375,549.0,1703.0,1708.0,1823.0,2025.0,2283.0,2621.0,3057.0,5040.0
376,543.0,1702.0,1687.0,1801.0,1975.0,2256.0,2604.0,2990.0,0.0
377,538.0,1694.0,1654.0,1782.0,1987.0,2218.0,2729.0,3059.0,4960.0
378,530.0,1677.0,1621.0,1753.0,2008.0,2273.0,2635.0,3067.0,5040.0
379,521.0,1663.0,1599.0,1792.0,2023.0,2244.0,2606.0,2993.0,0.0
380,515.0,1657.0,1564.0,1811.0,1975.0,2188.0,2685.0,3050.0,4960.0
381,511.0,1660.0,1555.0,1809.0,1984.0,2229.0,2701.0,3062.0,5040.0
382,509.0,1662.0,1567.0,1873.0,2001.0,2268.0,2573.0,2977.0,0.0
383,508.0,1664.0,1562.0,1853.0,2087.0,2273.0,2652.0,3113.0,4960.0
384,506.0,1665.0,1551.0,1835.0,2048.0,2133.0,2669.0,3042.0,5040.0
385,504.0,1667.0,1548.0,1744.0,1998.0,2129.0,2652.0,3015.0,0.0
386,502.0,1666.0,1555.0,1666.0,1928.0,2277.0,2697.0,3113.0,4960.0
387,503.0,1662.0,1573.0,1570.0,2023.0,2267.0,2615.0,3057.0,5040.0
388,502.0,1657.0,1577.0,1707.0,2045.0,2246.0,2591.0,3005.0,0.0
389,504.0,1656.0,1572.0,1776.0,2090.0,2223.0,2686.0,3047.0,4960.0
390,504.0,1658.0,1586.0,1803.0,2061.0,2246.0,2701.0,3115.0,5040.0
391,506.0,1660.0,1583.0,1791.0,1940.0,2214.0,2656.0,3011.0,0.0
392,509.0,1659.0,1597.0,1816.0,1930.0,2220.0,2625.0,3003.0,4960.0
393,509.0,1658.0,1637.0,1777.0,1936.0,2315.0,2681.0,3057.0,5040.0
394,509.0,1662.0,1661.0,1777.0,1917.0,2264.0,2724.0,3077.0,0.0
395,511.0,1666.0,1679.0,1738.0,1985.0,2219.0,2585.0,3029.0,4960.0
396,513.0,1667.0,1673.0,1785.0,2018.0,2247.0,2739.0,2998.0,5040.0
397,513.0,1672.0,1650.0,1809.0,2063.0,2224.0,2666.0,3110.0,0.0
398,513.0,1672.0,1639.0,1756.0,1983.0,2258.0,2545.0,3053.0,4960.0
399,513.0,1673.0,1636.0,1754.0,1951.0,2225.0,2670.0,3010.0,5040.0
400,516.0,1675.0,1622.0,1800.0,1996.0,2183.0,2671.0,3061.0,0.0
401,517.0,1674.0,1613.0,1793.0,2080.0,2229.0,2631.0,3019.0,4960.0
402,517.0,1669.0,1606.0,1836.0,2051.0,2189.0,2603.0,3042.0,5040.0
403,518.0,1668.0,1619.0,1912.0,1987.0,2305.0,2611.0,3048.0,0.0
404,518.0,1667.0,1601.0,1857.0,1892.0,2260.0,2715.0,2992.0,4960.0
405,519.0,1655.0,1592.0,1816.0,1946.0,2150.0,2613.0,3062.0,5040.0
406,521.0,1643.0,1611.0,1792.0,1975.0,2174.0,2628.0,3085.0,0.0
407,521.0,1633.0,1637.0,1785.0,2034.0,2262.0,2688.0,3024.0,4960.0
408,522.0,1630.0,1654.0,1762.0,2129.0,2282.0,2652.0,3010.0,5040.0
409,521.0,1629.0,1658.0,1718.0,2012.0,2250.0,2612.0,3072.0,0.0
410,521.0,1628.0,1652.0,1711.0,1972.0,2210.0,2736.0,3063.0,4960.0
411,521.0,1632.0,1645.0,1791.0,1974.0,2173.0,2658.0,2982.0,5040.0
412,523.0,1641.0,1649.0,1802.0,2071.0,2203.0,2660.0,3108.0,0.0
413,525.0,1638.0,1648.0,1793.0,2010.0,2292.0,2719.0,3030.0,4960.0
414,526.0,1642.0,1650.0,1774.0,2003.0,2286.0,2677.0,2979.0,5040.0
415,527.0,1647.0,1662.0,1798.0,1971.0,2213.0,2647.0,3067.0,0.0
416,529.0,1649.0,1666.0,1814.0,1999.0,2157.0,2697.0,3126.0,4960.0
417,529.0,1651.0,1666.0,1872.0,2077.0,2196.0,2715.0,2997.0,5040.0
418,529.0,1650.0,1652.0,1902.0,2031.0,2282.0,2605.0,3010.0,0.0
419,530.0,1643.0,1645.0,1770.0,1921.0,2281.0,2694.0,3164.0,4960.0
420,530.0,1642.0,1648.0,1725.0,2007.0,2237.0,2666.0,2984.0,5040.0
421,530.0,1641.0,1644.0,1664.0,2083.0,2190.0,2682.0,2972.0,0.0
422,530.0,1650.0,1626.0,1742.0,1988.0,2171.0,2609.0,3137.0,4960.0
423,529.0,1649.0,1629.0,1871.0,1965.0,2285.0,2657.0,3046.0,5040.0
424,527.0,1652.0,1621.0,1869.0,1964.0,2296.0,2672.0,2973.0,0.0
425,523.0,1657.0,1623.0,1914.0,2015.0,2334.0,2644.0,3085.0,4960.0
426,519.0,1662.0,1626.0,1888.0,2041.0,2174.0,2672.0,3040.0,5040.0
427,515.0,1668.0,1653.0,1832.0,2037.0,2284.0,2649.0,3035.0,0.0
428,514.0,1670.0,1682.0,1749.0,2053.0,2283.0,2640.0,3152.0,4960.0
429,514.0,1673.0,1673.0,1745.0,2000.0,2216.0,2642.0,2966.0,5040.0
430,515.0,1673.0,1654.0,1791.0,2008.0,2190.0,2680.0,2979.0,0.0
431,519.0,1669.0,1661.0,1845.0,1984.0,2228.0,2580.0,3185.0,4960.0
432,520.0,1664.0,1664.0,1833.0,1950.0,2274.0,2636.0,3044.0,5040.0
433,521.0,1664.0,1661.0,1777.0,2017.0,2228.0,2628.0,2951.0,0.0
434,522.0,1661.0,1621.0,1783.0,2058.0,2190.0,2752.0,3078.0,4960.0
435,522.0,1655.0,1610.0,1818.0,2064.0,2249.0,2603.0,3066.0,5040.0
436,522.0,1646.0,1611.0,1835.0,2024.0,2266.0,2620.0,3001.0,0.0
437,522.0,1642.0,1619.0,1812.0,1968.0,2256.0,2747.0,3037.0,4960.0
438,523.0,1631.0,1616.0,1815.0,2003.0,2220.0,2634.0,3054.0,5040.0
439,524.0,1628.0,1608.0,1808.0,2065.0,2159.0,2675.0,3065.0,0.0
440,524.0,1630.0,1614.0,1823.0,1989.0,2173.0,2627.0,3001.0,4960.0
441,525.0,1631.0,1616.0,1815.0,1995.0,2168.0,2660.0,3025.0,5040.0
442,526.0,1635.0,1638.0,1829.0,1979.0,2256.0,2650.0,3110.0,0.0
443,527.0,1634.0,1624.0,1842.0,2015.0,2318.0,2656.0,2984.0,4960.0
444,528.0,1632.0,1613.0,1788.0,2060.0,2206.0,2763.0,3056.0,5040.0
445,529.0,1635.0,1619.0,1808.0,2028.0,2195.0,2650.0,3114.0,0.0
446,529.0,1637.0,1609.0,1795.0,2047.0,2229.0,2622.0,2966.0,4960.0
447,529.0,1640.0,1608.0,1776.0,2006.0,2239.0,2635.0,3080.0,5040.0
448,529.0,1641.0,1594.0,1776.0,2024.0,2212.0,2712.0,3079.0,0.0
449,531.0,1635.0,1610.0,1738.0,1998.0,2244.0,2664.0,3021.0,4960.0
450,532.0,1630.0,1619.0,1805.0,1972.0,2270.0,2509.0,2985.0,5040.0
451,532.0,1624.0,1656.0,1809.0,1998.0,2253.0,2685.0,3077.0,0.0
452,532.0,1625.0,1674.0,1824.0,2058.0,2240.0,2749.0,3047.0,4960.0
453,532.0,1629.0,1688.0,1793.0,2041.0,2186.0,2599.0,3022.0,5040.0
454,533.0,1623.0,1674.0,1811.0,2081.0,2191.0,2652.0,3073.0,0.0
455,534.0,1617.0,1672.0,1820.0,1997.0,2241.0,2672.0,3024.0,4960.0
456,535.0,1613.0,1664.0,1810.0,2054.0,2340.0,2660.0,3121.0,5040.0
457,535.0,1611.0,1675.0,1804.0,2077.0,2272.0,2593.0,3029.0,0.0
458,536.0,1607.0,1666.0,1824.0,2079.0,2224.0,2715.0,3016.0,4960.0
459,536.0,1604.0,1677.0,1763.0,1981.0,2338.0,2712.0,3069.0,5040.0
460,537.0,1598.0,1652.0,1822.0,1927.0,2257.0,2600.0,3056.0,0.0
461,537.0,1593.0,1643.0,1863.0,1932.0,2149.0,2650.0,2999.0,4960.0
462,539.0,1592.0,1648.0,1893.0,2045.0,2232.0,2667.0,3076.0,5040.0
463,540.0,1591.0,1652.0,1885.0,2061.0,2205.0,2665.0,3091.0,0.0
464,542.0,1585.0,1673.0,1818.0,2009.0,2097.0,2580.0,3009.0,4960.0
465,543.0,1580.0,1660.0,1767.0,1984.0,2257.0,2652.0,3034.0,5040.0
466,544.0,1577.0,1664.0,1750.0,1957.0,2300.0,2666.0,3103.0,0.0
467,545.0,1570.0,1650.0,1764.0,1916.0,2286.0,2666.0,2997.0,4960.0
468,546.0,1557.0,1641.0,1725.0,1989.0,2224.0,2640.0,3026.0,5040.0
469,547.0,1550.0,1612.0,1777.0,2039.0,2372.0,2627.0,3073.0,0.0
470,550.0,1549.0,1600.0,1818.0,1983.0,2195.0,2677.0,3060.0,4960.0
471,550.0,1543.0,1611.0,1821.0,1913.0,2139.0,2719.0,3022.0,5040.0
472,551.0,1532.0,1606.0,1831.0,1951.0,2278.0,2663.0,3026.0,0.0
473,552.0,1528.0,1602.0,1821.0,2026.0,2264.0,2623.0,3112.0,4960.0
474,554.0,1535.0,1585.0,1791.0,2040.0,2215.0,2726.0,3047.0,5040.0
475,555.0,1535.0,1581.0,1824.0,1963.0,2237.0,2648.0,2968.0,0.0
476,555.0,1536.0,1586.0,1810.0,2039.0,2268.0,2624.0,3085.0,4960.0
477,555.0,1538.0,1584.0,1780.0,2021.0,2262.0,2651.0,3065.0,5040.0
478,556.0,1539.0,1567.0,1758.0,1962.0,2276.0,2691.0,2994.0,0.0
479,556.0,1542.0,1556.0,1841.0,1970.0,2221.0,2620.0,3096.0,4960.0
480,558.0,1541.0,1555.0,1867.0,2023.0,2225.0,2645.0,3044.0,5040.0
481,558.0,1540.0,1568.0,1844.0,1979.0,2317.0,2726.0,3038.0,0.0
482,558.0,1549.0,1579.0,1818.0,1991.0,2284.0,2619.0,3060.0,4960.0
483,559.0,1555.0,1579.0,1743.0,2061.0,2187.0,2675.0,3076.0,5040.0
484,563.0,1558.0,1594.0,1670.0,2089.0,2139.0,2671.0,3024.0,0.0
485,566.0,1566.0,1604.0,1697.0,2055.0,2247.0,2615.0,3044.0,4960.0
486,566.0,1570.0,1619.0,1828.0,2027.0,2292.0,2595.0,3057.0,5040.0
487,566.0,1572.0,1634.0,1896.0,1969.0,2239.0,2704.0,3009.0,0.0
488,569.0,1575.0,1661.0,1867.0,1928.0,2162.0,2697.0,3031.0,4960.0
489,569.0,1581.0,1679.0,1839.0,2069.0,2281.0,2609.0,3084.0,5040.0
490,569.0,1580.0,1666.0,1808.0,2021.0,2322.0,2675.0,3008.0,0.0
491,568.0,1580.0,1670.0,1715.0,2002.0,2137.0,2718.0,3065.0,4960.0
492,568.0,1582.0,1688.0,1748.0,1958.0,2229.0,2671.0,3043.0,5040.0
493,569.0,1583.0,1689.0,1798.0,1979.0,2261.0,2637.0,3078.0,0.0
494,570.0,1585.0,1693.0,1805.0,1975.0,2279.0,2645.0,3034.0,4960.0
495,570.0,1589.0,1687.0,1823.0,1947.0,2201.0,2614.0,3008.0,5040.0
496,570.0,1595.0,1704.0,1813.0,2061.0,2162.0,2705.0,3059.0,0.0
497,570.0,1599.0,1697.0,1864.0,2093.0,2209.0,2619.0,3059.0,4960.0
498,572.0,1601.0,1723.0,1806.0,2031.0,2278.0,2595.0,3035.0,5040.0
499,575.0,1599.0,1730.0,1819.0,1947.0,2283.0,2702.0,3043.0,0.0
500,575.0,1601.0,1721.0,1774.0,1982.0,2231.0,2683.0,3025.0,4960.0
501,576.0,1597.0,1729.0,1814.0,2032.0,2209.0,2597.0,3037.0,5040.0
502,578.0,1598.0,1720.0,1848.0,2107.0,2306.0,2630.0,3048.0,0.0
503,578.0,1605.0,1718.0,1912.0,2021.0,2193.0,2651.0,3040.0,4960.0
504,578.0,1606.0,1721.0,1875.0,1957.0,2138.0,2650.0,3026.0,5040.0
505,578.0,1614.0,1713.0,1831.0,2032.0,2273.0,2685.0,3081.0,0.0
506,578.0,1620.0,1711.0,1819.0,2052.0,2281.0,2629.0,3037.0,4960.0
507,579.0,1622.0,1705.0,1794.0,1998.0,2219.0,2652.0,2993.0,5040.0
508,579.0,1627.0,1674.0,1752.0,1987.0,2297.0,2647.0,3111.0,0.0
509,579.0,1632.0,1629.0,1749.0,2024.0,2221.0,2630.0,3070.0,4960.0
510,580.0,1636.0,1599.0,1806.0,2041.0,2243.0,2609.0,3011.0,5040.0
511,581.0,1637.0,1571.0,1786.0,2002.0,2156.0,2691.0,3018.0,0.0
512,582.0,1643.0,1559.0,1776.0,1977.0,2243.0,2644.0,3112.0,4960.0
513,582.0,1642.0,1562.0,1840.0,1980.0,2309.0,2653.0,3037.0,5040.0
514,582.0,1639.0,1567.0,1825.0,2135.0,2223.0,2581.0,3000.0,0.0
515,582.0,1646.0,1562.0,1793.0,2035.0,2164.0,2666.0,3077.0,4960.0
516,582.0,1647.0,1572.0,1805.0,1959.0,2212.0,2761.0,3040.0,5040.0
517,583.0,1651.0,1587.0,1725.0,1930.0,2324.0,2575.0,3037.0,0.0
518,584.0,1654.0,1592.0,1725.0,1982.0,2215.0,2638.0,3050.0,4960.0
519,585.0,1649.0,1611.0,1730.0,2004.0,2246.0,2755.0,3045.0,5040.0
520,586.0,1645.0,1631.0,1785.0,1987.0,2199.0,2620.0,3044.0,0.0
521,586.0,1639.0,1615.0,1809.0,1967.0,2233.0,2629.0,3031.0,4960.0
522,587.0,1633.0,1640.0,1844.0,2052.0,2274.0,2643.0,3087.0,5040.0
523,589.0,1627.0,1652.0,1864.0,2044.0,2231.0,2662.0,2978.0,0.0
524,590.0,1623.0,1649.0,1847.0,1993.0,2256.0,2685.0,3050.0,4960.0
525,591.0,1623.0,1678.0,1828.0,1971.0,2185.0,2665.0,3119.0,5040.0
526,593.0,1628.0,1689.0,1837.0,2013.0,2204.0,2625.0,2983.0,0.0
527,593.0,1633.0,1690.0,1821.0,1988.0,2238.0,2692.0,3019.0,4960.0
528,595.0,1631.0,1695.0,1789.0,2063.0,2238.0,2616.0,3092.0,5040.0
529,595.0,1637.0,1724.0,1743.0,2090.0,2190.0,2672.0,3048.0,0.0
530,597.0,1635.0,1738.0,1722.0,1997.0,2279.0,2767.0,2980.0,4960.0
531,599.0,1638.0,1744.0,1731.0,1992.0,2205.0,2567.0,3132.0,5040.0
532,601.0,1631.0,1776.0,1749.0,2009.0,2252.0,2611.0,3033.0,0.0
533,601.0,1630.0,1775.0,1768.0,1989.0,2251.0,2710.0,2970.0,4960.0
534,603.0,1622.0,1809.0,1790.0,1951.0,2302.0,2710.0,3127.0,5040.0
535,604.0,1618.0,1805.0,1812.0,1985.0,2242.0,2556.0,3043.0,0.0
536,604.0,1617.0,1819.0,1779.0,2076.0,2253.0,2635.0,2967.0,4960.0
537,604.0,1617.0,1812.0,1802.0,2047.0,2263.0,2685.0,3119.0,5040.0
538,604.0,1612.0,1793.0,1806.0,2020.0,2304.0,2668.0,3083.0,0.0
539,605.0,1610.0,1761.0,1811.0,1992.0,2224.0,2688.0,2972.0,4960.0
540,608.0,1603.0,1741.0,1777.0,2032.0,2217.0,2612.0,3076.0,5040.0
541,610.0,1604.0,1717.0,1694.0,1936.0,2219.0,2684.0,3098.0,0.0
542,613.0,1605.0,1705.0,1724.0,1920.0,2230.0,2684.0,2993.0,4960.0
543,614.0,1611.0,1668.0,1776.0,2010.0,2285.0,2571.0,3058.0,5040.0
544,616.0,1616.0,1642.0,1840.0,2051.0,2264.0,2633.0,3105.0,0.0
545,617.0,1623.0,1621.0,1948.0,2066.0,2219.0,2750.0,3042.0,4960.0
546,618.0,1625.0,1626.0,1941.0,1998.0,2201.0,2556.0,2960.0,5040.0
547,617.0,1627.0,1617.0,1855.0,1940.0,2290.0,2577.0,3119.0,0.0
548,617.0,1634.0,1606.0,1775.0,2013.0,2260.0,2705.0,3061.0,4960.0
549,615.0,1643.0,1593.0,1772.0,1962.0,2196.0,2682.0,3011.0,5040.0
550,613.0,1645.0,1574.0,1746.0,2041.0,2152.0,2570.0,3058.0,0.0
551,613.0,1645.0,1571.0,1766.0,2077.0,2264.0,2710.0,3072.0,4960.0
552,613.0,1648.0,1559.0,1802.0,1968.0,2357.0,2677.0,3009.0,5040.0
553,613.0,1654.0,1558.0,1801.0,1907.0,2313.0,2676.0,3015.0,0.0
554,613.0,1658.0,1540.0,1844.0,1940.0,2182.0,2652.0,3069.0,4960.0
555,613.0,1657.0,1526.0,1848.0,2069.0,2198.0,2665.0,3038.0,5040.0
556,615.0,1649.0,1508.0,1870.0,2054.0,2269.0,2706.0,3052.0,0.0
557,615.0,1645.0,1504.0,1826.0,1981.0,2307.0,2646.0,3039.0,4960.0
558,615.0,1654.0,1509.0,1775.0,2017.0,2154.0,2696.0,3034.0,5040.0
559,616.0,1658.0,1500.0,1803.0,2000.0,2169.0,2663.0,3038.0,0.0
560,616.0,1665.0,1506.0,1806.0,2049.0,2226.0,2591.0,3055.0,4960.0
561,616.0,1666.0,1505.0,1810.0,2009.0,2292.0,2681.0,3016.0,5040.0
562,617.0,1671.0,1510.0,1862.0,2065.0,2253.0,2692.0,3127.0,0.0
563,618.0,1678.0,1500.0,1906.0,2075.0,2181.0,2683.0,3030.0,4960.0
564,620.0,1670.0,1524.0,1822.0,1896.0,2273.0,2581.0,3002.0,5040.0
565,622.0,1666.0,1530.0,1784.0,1940.0,2325.0,2691.0,3115.0,0.0
566,622.0,1665.0,1553.0,1802.0,2040.0,2170.0,2646.0,3055.0,4960.0
567,624.0,1667.0,1565.0,1810.0,2069.0,2121.0,2664.0,2984.0,5040.0
568,624.0,1678.0,1563.0,1860.0,2039.0,2298.0,2584.0,3146.0,0.0
569,626.0,1683.0,1564.0,1852.0,2069.0,2345.0,2668.0,2989.0,4960.0
570,627.0,1685.0,1571.0,1736.0,1999.0,2261.0,2593.0,2975.0,5040.0
571,629.0,1684.0,1604.0,1733.0,2043.0,2186.0,2662.0,3152.0,0.0
572,630.0,1682.0,1630.0,1761.0,1961.0,2206.0,2668.0,3028.0,4960.0
573,631.0,1684.0,1650.0,1841.0,1979.0,2305.0,2683.0,2949.0,5040.0
574,632.0,1688.0,1641.0,1891.0,2070.0,2245.0,2643.0,3155.0,0.0
575,633.0,1681.0,1650.0,1864.0,1968.0,2227.0,2593.0,3042.0,4960.0
576,633.0,1676.0,1642.0,1840.0,1910.0,2250.0,2722.0,2950.0,5040.0
577,633.0,1674.0,1643.0,1811.0,1992.0,2176.0,2759.0,3089.0,0.0
578,633.0,1673.0,1646.0,1803.0,2026.0,2162.0,2593.0,3048.0,4960.0
579,634.0,1670.0,1640.0,1821.0,2006.0,2224.0,2572.0,2991.0,5040.0
580,634.0,1672.0,1632.0,1831.0,2007.0,2300.0,2626.0,3008.0,0.0
581,634.0,1676.0,1634.0,1880.0,1954.0,2230.0,2706.0,3130.0,4960.0
582,635.0,1678.0,1628.0,1838.0,2000.0,2223.0,2691.0,2996.0,5040.0
583,635.0,1684.0,1625.0,1801.0,1999.0,2266.0,2643.0,2979.0,0.0
584,636.0,1684.0,1616.0,1763.0,2032.0,2298.0,2649.0,3130.0,4960.0
585,640.0,1684.0,1610.0,1807.0,2029.0,2268.0,2625.0,3038.0,5040.0
586,641.0,1679.0,1582.0,1830.0,1970.0,2212.0,2581.0,2962.0,0.0
587,643.0,1672.0,1569.0,1869.0,1916.0,2289.0,2640.0,3116.0,4960.0
588,645.0,1673.0,1548.0,1805.0,2039.0,2315.0,2724.0,3051.0,5040.0
589,646.0,1668.0,1542.0,1808.0,2075.0,2214.0,2671.0,2976.0,0.0
590,647.0,1664.0,1543.0,1792.0,2086.0,2220.0,2577.0,3077.0,4960.0
591,647.0,1656.0,1554.0,1769.0,2017.0,2189.0,2602.0,3061.0,5040.0
592,647.0,1655.0,1557.0,1769.0,1926.0,2268.0,2655.0,2941.0,0.0
593,653.0,1651.0,1581.0,1818.0,1980.0,2259.0,2695.0,3123.0,4960.0
594,654.0,1650.0,1603.0,1773.0,2001.0,2231.0,2610.0,3090.0,5040.0
595,655.0,1647.0,1606.0,1752.0,2110.0,2175.0,2559.0,2920.0,0.0
596,656.0,1648.0,1637.0,1806.0,2160.0,2305.0,2715.0,3098.0,4960.0
597,657.0,1642.0,1642.0,1832.0,2042.0,2236.0,2764.0,3088.0,5040.0
598,659.0,1641.0,1656.0,1786.0,1967.0,2143.0,2587.0,2979.0,0.0
599,660.0,1642.0,1666.0,1806.0,1970.0,2260.0,2618.0,3057.0,4960.0
600,660.0,1634.0,1661.0,1757.0,2062.0,2255.0,2776.0,3130.0,5040.0
601,663.0,1615.0,1637.0,1766.0,2061.0,2196.0,2671.0,3005.0,0.0
602,666.0,1620.0,1610.0,1781.0,2041.0,2216.0,2561.0,3015.0,4960.0
603,667.0,1614.0,1599.0,1865.0,1910.0,2262.0,2635.0,3115.0,5040.0
604,667.0,1617.0,1575.0,1829.0,2013.0,2224.0,2695.0,3046.0,0.0
605,669.0,1611.0,1561.0,1811.0,2007.0,2208.0,2716.0,2992.0,4960.0
606,670.0,1611.0,1549.0,1795.0,2020.0,2165.0,2681.0,3066.0,5040.0
607,670.0,1609.0,1551.0,1782.0,2055.0,2293.0,2579.0,3124.0,0.0
608,671.0,1607.0,1573.0,1813.0,2148.0,2235.0,2669.0,2990.0,4960.0
609,673.0,1600.0,1578.0,1843.0,2036.0,2176.0,2674.0,3020.0,5040.0
610,674.0,1600.0,1585.0,1831.0,1937.0,2229.0,2674.0,3159.0,0.0
611,674.0,1599.0,1599.0,1811.0,1972.0,2321.0,2665.0,2957.0,4960.0
612,677.0,1597.0,1607.0,1800.0,2041.0,2257.0,2617.0,3085.0,5040.0
613,677.0,1598.0,1649.0,1854.0,2124.0,2240.0,2691.0,3065.0,0.0
614,677.0,1600.0,1667.0,1836.0,2130.0,2169.0,2655.0,3012.0,4960.0
615,677.0,1600.0,1693.0,1811.0,2069.0,2219.0,2622.0,3038.0,5040.0
616,678.0,1595.0,1715.0,1812.0,1984.0,2275.0,2629.0,3123.0,0.0
617,678.0,1598.0,1744.0,1753.0,1962.0,2314.0,2657.0,2980.0,4960.0
618,680.0,1594.0,1774.0,1746.0,1945.0,2266.0,2674.0,3003.0,5040.0
619,680.0,1597.0,1784.0,1755.0,2051.0,2178.0,2682.0,3132.0,0.0
620,680.0,1605.0,1786.0,1746.0,2142.0,2241.0,2598.0,3023.0,4960.0
621,680.0,1609.0,1812.0,1836.0,2044.0,2309.0,2704.0,2993.0,5040.0
622,681.0,1604.0,1819.0,1810.0,1975.0,2260.0,2700.0,3082.0,0.0
623,680.0,1599.0,1820.0,1774.0,2007.0,2189.0,2563.0,3049.0,4960.0
624,681.0,1590.0,1793.0,1758.0,2050.0,2211.0,2598.0,3079.0,5040.0
625,682.0,1593.0,1770.0,1795.0,1971.0,2252.0,2737.0,3026.0,0.0
626,682.0,1591.0,1744.0,1804.0,1963.0,2198.0,2637.0,3023.0,4960.0
627,682.0,1594.0,1726.0,1832.0,1993.0,2249.0,2616.0,3095.0,5040.0
628,682.0,1593.0,1711.0,1826.0,2033.0,2198.0,2675.0,3046.0,0.0
629,683.0,1594.0,1682.0,1801.0,1998.0,2207.0,2665.0,3027.0,4960.0
630,685.0,1596.0,1675.0,1793.0,1987.0,2270.0,2607.0,3133.0,5040.0
631,688.0,1599.0,1665.0,1769.0,1975.0,2234.0,2641.0,2972.0,0.0
632,688.0,1596.0,1650.0,1791.0,2007.0,2210.0,2636.0,3041.0,4960.0
633,689.0,1596.0,1637.0,1831.0,1979.0,2276.0,2615.0,3075.0,5040.0
634,689.0,1593.0,1608.0,1851.0,1990.0,2190.0,2709.0,2992.0,0.0
635,689.0,1590.0,1608.0,1810.0,2042.0,2186.0,2624.0,3063.0,4960.0
636,692.0,1593.0,1589.0,1740.0,2007.0,2249.0,2665.0,3004.0,5040.0
637,694.0,1593.0,1567.0,1748.0,2037.0,2209.0,2739.0,3038.0,0.0
638,695.0,1606.0,1559.0,1785.0,2058.0,2257.0,2604.0,3050.0,4960.0
639,697.0,1608.0,1547.0,1803.0,1998.0,2157.0,2649.0,3015.0,5040.0
640,697.0,1616.0,1543.0,1815.0,1908.0,2223.0,2715.0,3050.0,0.0
641,698.0,1617.0,1548.0,1851.0,1915.0,2309.0,2666.0,3112.0,4960.0
642,698.0,1620.0,1584.0,1914.0,2040.0,2281.0,2574.0,3003.0,5040.0
643,700.0,1625.0,1601.0,1820.0,2044.0,2222.0,2618.0,2976.0,0.0
644,701.0,1626.0,1621.0,1773.0,2044.0,2231.0,2639.0,3076.0,4960.0
645,703.0,1623.0,1663.0,1800.0,2108.0,2201.0,2729.0,3094.0,5040.0
646,707.0,1623.0,1712.0,1768.0,1989.0,2211.0,2563.0,2964.0,0.0
647,707.0,1621.0,1759.0,1799.0,1984.0,2292.0,2651.0,3021.0,4960.0
648,708.0,1624.0,1773.0,1847.0,1955.0,2215.0,2715.0,3090.0,5040.0
649,710.0,1626.0,1798.0,1838.0,1921.0,2164.0,2658.0,3009.0,0.0
650,712.0,1625.0,1821.0,1893.0,2005.0,2277.0,2628.0,3049.0,4960.0
651,712.0,1622.0,1835.0,1875.0,2076.0,2350.0,2639.0,3085.0,5040.0
652,713.0,1615.0,1820.0,1796.0,2027.0,2237.0,2647.0,3012.0,0.0
653,713.0,1618.0,1792.0,1713.0,2099.0,2171.0,2588.0,3020.0,4960.0
654,715.0,1625.0,1761.0,1783.0,2003.0,2156.0,2641.0,3084.0,5040.0
655,715.0,1626.0,1725.0,1748.0,1978.0,2283.0,2641.0,3060.0,0.0
656,716.0,1632.0,1702.0,1761.0,1956.0,2255.0,2678.0,2999.0,4960.0
657,716.0,1630.0,1687.0,1821.0,1990.0,2301.0,2651.0,3065.0,5040.0
658,718.0,1636.0,1684.0,1854.0,2002.0,2191.0,2596.0,3088.0,0.0
659,721.0,1634.0,1688.0,1832.0,2065.0,2201.0,2618.0,3041.0,4960.0
660,721.0,1631.0,1661.0,1783.0,2061.0,2316.0,2660.0,3035.0,5040.0
661,723.0,1628.0,1642.0,1729.0,1997.0,2255.0,2676.0,3060.0,0.0
662,724.0,1620.0,1639.0,1675.0,2002.0,2240.0,2641.0,3099.0,4960.0
663,726.0,1622.0,1623.0,1732.0,1948.0,2220.0,2686.0,3017.0,5040.0
664,727.0,1627.0,1607.0,1783.0,1924.0,2299.0,2648.0,3039.0,0.0
665,728.0,1633.0,1567.0,1867.0,2039.0,2240.0,2629.0,3075.0,4960.0
666,729.0,1642.0,1561.0,1850.0,2030.0,2153.0,2664.0,2993.0,5040.0
667,729.0,1641.0,1555.0,1883.0,1981.0,2239.0,2668.0,3058.0,0.0
668,729.0,1633.0,1578.0,1870.0,1936.0,2312.0,2643.0,3101.0,4960.0
669,729.0,1630.0,1578.0,1838.0,2042.0,2243.0,2676.0,3005.0,5040.0
670,729.0,1632.0,1580.0,1822.0,2015.0,2136.0,2725.0,3043.0,0.0
671,732.0,1643.0,1551.0,1814.0,1980.0,2227.0,2581.0,3085.0,4960.0
672,733.0,1649.0,1565.0,1839.0,1961.0,2284.0,2651.0,3020.0,5040.0
673,733.0,1652.0,1584.0,1875.0,2037.0,2310.0,2713.0,3047.0,0.0
674,732.0,1656.0,1608.0,1844.0,2064.0,2213.0,2630.0,3025.0,4960.0
675,732.0,1663.0,1619.0,1841.0,2040.0,2226.0,2609.0,3072.0,5040.0
676,732.0,1667.0,1634.0,1777.0,2050.0,2181.0,2648.0,3057.0,0.0
677,732.0,1677.0,1649.0,1781.0,2032.0,2280.0,2712.0,3056.0,4960.0
678,733.0,1687.0,1645.0,1777.0,2077.0,2288.0,2644.0,3043.0,5040.0
679,734.0,1685.0,1634.0,1752.0,2017.0,2319.0,2596.0,3044.0,0.0
680,735.0,1678.0,1630.0,1794.0,1978.0,2140.0,2727.0,3123.0,4960.0
681,735.0,1678.0,1634.0,1747.0,1940.0,2192.0,2658.0,2978.0,5040.0
682,737.0,1673.0,1662.0,1739.0,1957.0,2275.0,2623.0,3055.0,0.0
683,739.0,1669.0,1661.0,1736.0,2079.0,2221.0,2662.0,3137.0,4960.0
684,738.0,1663.0,1628.0,1847.0,2077.0,2246.0,2664.0,2965.0,5040.0
685,738.0,1653.0,1608.0,1860.0,2027.0,2265.0,2592.0,3082.0,0.0
686,740.0,1651.0,1589.0,1818.0,1962.0,2200.0,2660.0,3112.0,4960.0
687,740.0,1646.0,1592.0,1787.0,1987.0,2237.0,2653.0,2975.0,5040.0
688,740.0,1650.0,1578.0,1775.0,1967.0,2262.0,2641.0,3084.0,0.0
689,739.0,1653.0,1585.0,1748.0,1960.0,2198.0,2579.0,3119.0,4960.0
690,742.0,1652.0,1607.0,1754.0,1924.0,2226.0,2635.0,2971.0,5040.0
691,742.0,1651.0,1596.0,1768.0,1956.0,2268.0,2691.0,3041.0,0.0
692,744.0,1650.0,1617.0,1843.0,1918.0,2250.0,2595.0,3113.0,4960.0
693,744.0,1647.0,1608.0,1866.0,1917.0,2209.0,2695.0,2997.0,5040.0
694,746.0,1654.0,1609.0,1917.0,2006.0,2248.0,2745.0,3001.0,0.0
695,747.0,1653.0,1637.0,1878.0,2132.0,2273.0,2635.0,3054.0,4960.0
696,748.0,1654.0,1652.0,1812.0,2050.0,2324.0,2595.0,3022.0,5040.0
697,750.0,1663.0,1660.0,1865.0,1945.0,2203.0,2651.0,3053.0,0.0
698,750.0,1669.0,1654.0,1828.0,1941.0,2185.0,2724.0,3050.0,4960.0
699,751.0,1672.0,1671.0,1816.0,2001.0,2348.0,2679.0,3049.0,5040.0
700,753.0,1675.0,1666.0,1776.0,2006.0,2273.0,2648.0,3055.0,0.0
701,753.0,1670.0,1645.0,1812.0,1993.0,2127.0,2655.0,3065.0,4960.0
702,754.0,1663.0,1654.0,1819.0,2000.0,2193.0,2648.0,3014.0,5040.0
703,754.0,1654.0,1655.0,1761.0,1982.0,2316.0,2572.0,3016.0,0.0
704,755.0,1650.0,1680.0,1858.0,2034.0,2301.0,2720.0,3005.0,4960.0
705,756.0,1644.0,1709.0,1906.0,2087.0,2245.0,2650.0,3083.0,5040.0
706,756.0,1642.0,1748.0,1930.0,2077.0,2208.0,2630.0,3084.0,0.0
707,759.0,1638.0,1779.0,1889.0,2007.0,2213.0,2627.0,2995.0,4960.0
708,759.0,1633.0,1796.0,1800.0,1998.0,2286.0,2680.0,3055.0,5040.0
709,760.0,1634.0,1791.0,1736.0,2028.0,2224.0,2661.0,3099.0,0.0
710,762.0,1639.0,1778.0,1660.0,2048.0,2223.0,2626.0,2965.0,4960.0
711,762.0,1636.0,1746.0,1706.0,1980.0,2328.0,2665.0,3078.0,5040.0
712,764.0,1642.0,1730.0,1791.0,1937.0,2213.0,2685.0,3100.0,0.0
713,767.0,1644.0,1699.0,1889.0,1988.0,2109.0,2651.0,2969.0,4960.0
714,768.0,1647.0,1670.0,1945.0,2077.0,2278.0,2632.0,3055.0,5040.0
715,768.0,1649.0,1653.0,1904.0,2066.0,2260.0,2614.0,3121.0,0.0
716,769.0,1648.0,1633.0,1761.0,2032.0,2148.0,2754.0,2983.0,4960.0
717,770.0,1647.0,1624.0,1716.0,1929.0,2286.0,2651.0,3013.0,5040.0
718,771.0,1636.0,1624.0,1729.0,1933.0,2183.0,2568.0,3107.0,0.0
719,772.0,1634.0,1590.0,1793.0,2074.0,2201.0,2678.0,2998.0,4960.0
720,772.0,1626.0,1568.0,1851.0,2030.0,2310.0,2705.0,3070.0,5040.0
721,772.0,1622.0,1537.0,1901.0,2001.0,2358.0,2623.0,3039.0,0.0
722,773.0,1623.0,1536.0,1846.0,1958.0,2191.0,2643.0,3029.0,4960.0
723,773.0,1626.0,1518.0,1815.0,1975.0,2190.0,2746.0,3040.0,5040.0
724,773.0,1632.0,1522.0,1757.0,2029.0,2278.0,2678.0,3108.0,0.0
725,773.0,1632.0,1540.0,1780.0,2055.0,2282.0,2586.0,3007.0,4960.0
726,774.0,1638.0,1540.0,1822.0,2061.0,2222.0,2708.0,3081.0,5040.0
727,774.0,1641.0,1554.0,1896.0,1979.0,2182.0,2642.0,2998.0,0.0
728,776.0,1642.0,1560.0,1884.0,1943.0,2289.0,2696.0,3059.0,4960.0
729,778.0,1644.0,1572.0,1891.0,1961.0,2284.0,2618.0,3051.0,5040.0
730,780.0,1648.0,1586.0,1797.0,1989.0,2285.0,2605.0,3014.0,0.0
731,781.0,1643.0,1600.0,1822.0,2051.0,2227.0,2686.0,3092.0,4960.0
732,782.0,1642.0,1615.0,1820.0,2058.0,2167.0,2669.0,3045.0,5040.0
733,786.0,1641.0,1593.0,1785.0,2004.0,2286.0,2641.0,3050.0,0.0
734,786.0,1645.0,1595.0,1742.0,2050.0,2243.0,2609.0,3077.0,4960.0
735,788.0,1656.0,1643.0,1711.0,2014.0,2242.0,2651.0,3033.0,5040.0
736,787.0,1656.0,1661.0,1744.0,2022.0,2182.0,2693.0,3014.0,0.0
737,790.0,1665.0,1674.0,1751.0,2031.0,2222.0,2534.0,3132.0,4960.0
738,789.0,1669.0,1693.0,1836.0,1946.0,2256.0,2635.0,2980.0,5040.0
739,791.0,1679.0,1693.0,1852.0,1917.0,2232.0,2696.0,3038.0,0.0
740,790.0,1678.0,1698.0,1920.0,2027.0,2216.0,2647.0,3093.0,4960.0
741,790.0,1675.0,1695.0,1887.0,2030.0,2175.0,2637.0,2971.0,5040.0
742,791.0,1668.0,1681.0,1813.0,2106.0,2239.0,2684.0,3040.0,0.0
743,791.0,1658.0,1666.0,1731.0,2062.0,2251.0,2626.0,3143.0,4960.0
744,793.0,1657.0,1663.0,1702.0,2045.0,2217.0,2648.0,3022.0,5040.0
745,793.0,1645.0,1655.0,1708.0,2010.0,2232.0,2679.0,3021.0,0.0
746,797.0,1631.0,1641.0,1779.0,2024.0,2218.0,2671.0,3077.0,4960.0
747,799.0,1626.0,1633.0,1791.0,1915.0,2244.0,2607.0,2989.0,5040.0
748,800.0,1612.0,1656.0,1829.0,1992.0,2210.0,2629.0,3054.0,0.0
749,801.0,1609.0,1681.0,1827.0,2075.0,2289.0,2722.0,3074.0,4960.0
750,802.0,1612.0,1677.0,1817.0,2012.0,2254.0,2628.0,3021.0,5040.0
751,804.0,1616.0,1688.0,1861.0,2013.0,2196.0,2640.0,3060.0,0.0
752,807.0,1620.0,1695.0,1850.0,1954.0,2265.0,2646.0,3005.0,4960.0
753,809.0,1617.0,1719.0,1840.0,2059.0,2285.0,2665.0,3056.0,5040.0
754,810.0,1621.0,1730.0,1800.0,2074.0,2256.0,2682.0,3067.0,0.0
755,810.0,1626.0,1731.0,1825.0,2043.0,2215.0,2563.0,2979.0,4960.0
756,811.0,1635.0,1703.0,1825.0,2011.0,2181.0,2651.0,3063.0,5040.0
757,812.0,1638.0,1687.0,1845.0,2015.0,2210.0,2718.0,3073.0,0.0
758,815.0,1641.0,1655.0,1768.0,1964.0,2295.0,2673.0,3030.0,4960.0
759,817.0,1645.0,1646.0,1778.0,2023.0,2310.0,2646.0,3023.0,5040.0
760,817.0,1645.0,1631.0,1795.0,2110.0,2207.0,2645.0,3083.0,0.0
761,818.0,1649.0,1632.0,1836.0,2069.0,2201.0,2665.0,3047.0,4960.0
762,818.0,1643.0,1619.0,1814.0,1938.0,2325.0,2653.0,3033.0,5040.0
763,818.0,1647.0,1600.0,1848.0,1966.0,2284.0,2628.0,3042.0,0.0
764,818.0,1649.0,1591.0,1826.0,1989.0,2177.0,2650.0,3085.0,4960.0
765,817.0,1649.0,1580.0,1801.0,2063.0,2177.0,2728.0,3015.0,5040.0
766,819.0,1653.0,1569.0,1806.0,2014.0,2278.0,2701.0,3065.0,0.0
767,819.0,1656.0,1557.0,1833.0,1981.0,2296.0,2557.0,3057.0,4960.0
768,818.0,1663.0,1548.0,1826.0,1995.0,2267.0,2635.0,3035.0,5040.0
769,818.0,1666.0,1554.0,1817.0,2012.0,2208.0,2705.0,3043.0,0.0
770,821.0,1668.0,1568.0,1816.0,2004.0,2279.0,2598.0,3070.0,4960.0
771,821.0,1666.0,1572.0,1817.0,2005.0,2260.0,2634.0,3042.0,5040.0
772,821.0,1668.0,1577.0,1771.0,2053.0,2149.0,2703.0,3051.0,0.0
773,825.0,1667.0,1608.0,1719.0,2033.0,2237.0,2695.0,2971.0,4960.0
774,828.0,1664.0,1610.0,1776.0,1954.0,2288.0,2681.0,3044.0,5040.0
775,828.0,1659.0,1600.0,1810.0,1945.0,2177.0,2629.0,3089.0,0.0
776,829.0,1666.0,1590.0,1797.0,2016.0,2195.0,2661.0,2988.0,4960.0
777,829.0,1667.0,1576.0,1801.0,2147.0,2217.0,2661.0,3055.0,5040.0
778,828.0,1681.0,1580.0,1797.0,2009.0,2275.0,2603.0,3094.0,0.0
779,827.0,1683.0,1588.0,1877.0,1989.0,2250.0,2679.0,3029.0,4960.0
780,831.0,1681.0,1606.0,1886.0,1909.0,2208.0,2657.0,3044.0,5040.0
781,831.0,1683.0,1628.0,1789.0,1942.0,2184.0,2576.0,3067.0,0.0
782,832.0,1680.0,1661.0,1812.0,2060.0,2223.0,2672.0,3077.0,4960.0
783,832.0,1686.0,1694.0,1780.0,2083.0,2258.0,2693.0,3053.0,5040.0
784,833.0,1684.0,1717.0,1798.0,2066.0,2271.0,2636.0,2995.0,0.0
785,833.0,1687.0,1726.0,1804.0,1996.0,2277.0,2615.0,3075.0,4960.0
786,833.0,1682.0,1741.0,1731.0,2017.0,2223.0,2637.0,3062.0,5040.0
787,834.0,1676.0,1733.0,1662.0,2040.0,2258.0,2625.0,3035.0,0.0
788,834.0,1681.0,1734.0,1715.0,1977.0,2295.0,2647.0,3014.0,4960.0
789,835.0,1678.0,1728.0,1751.0,1960.0,2234.0,2653.0,3056.0,5040.0
790,835.0,1680.0,1718.0,1806.0,1979.0,2213.0,2686.0,3028.0,0.0
791,836.0,1684.0,1745.0,1787.0,2023.0,2240.0,2672.0,3035.0,4960.0
792,838.0,1684.0,1756.0,1789.0,2041.0,2210.0,2638.0,3046.0,5040.0
793,841.0,1680.0,1774.0,1851.0,2039.0,2260.0,2610.0,3008.0,0.0
794,842.0,1674.0,1769.0,1840.0,2013.0,2272.0,2668.0,3055.0,4960.0
795,843.0,1666.0,1760.0,1856.0,2021.0,2149.0,2669.0,3064.0,5040.0
796,844.0,1658.0,1731.0,1795.0,2051.0,2165.0,2712.0,3013.0,0.0
797,847.0,1647.0,1712.0,1826.0,2010.0,2257.0,2618.0,3030.0,4960.0
798,849.0,1643.0,1705.0,1857.0,2042.0,2154.0,2616.0,3023.0,5040.0
799,849.0,1638.0,1711.0,1853.0,2010.0,2162.0,2629.0,3105.0,0.0
800,849.0,1634.0,1701.0,1818.0,2059.0,2262.0,2707.0,3005.0,4960.0
801,849.0,1635.0,1682.0,1867.0,2055.0,2284.0,2694.0,3039.0,5040.0
802,849.0,1643.0,1662.0,1875.0,2004.0,2295.0,2572.0,3076.0,0.0
803,844.0,1645.0,1652.0,1888.0,2041.0,2206.0,2588.0,3022.0,4960.0
804,835.0,1655.0,1654.0,1837.0,2096.0,2174.0,2765.0,3000.0,5040.0
805,833.0,1663.0,1654.0,1835.0,2090.0,2221.0,2656.0,3092.0,0.0
806,835.0,1669.0,1664.0,1798.0,2022.0,2212.0,2590.0,3051.0,4960.0
807,834.0,1679.0,1667.0,1790.0,2007.0,2262.0,2652.0,2948.0,5040.0
808,835.0,1683.0,1674.0,1765.0,1968.0,2215.0,2743.0,3119.0,0.0
809,835.0,1688.0,1679.0,1738.0,2089.0,2196.0,2663.0,3086.0,4960.0
810,836.0,1692.0,1678.0,1820.0,2106.0,2271.0,2603.0,2933.0,5040.0
811,838.0,1699.0,1669.0,1825.0,2069.0,2267.0,2665.0,3131.0,0.0
812,840.0,1705.0,1677.0,1883.0,1972.0,2231.0,2644.0,3087.0,4960.0
813,841.0,1707.0,1662.0,1903.0,1959.0,2206.0,2614.0,2894.0,5040.0
814,842.0,1716.0,1629.0,1824.0,2055.0,2298.0,2644.0,3093.0,0.0
815,844.0,1722.0,1600.0,1836.0,2075.0,2282.0,2708.0,3158.0,4960.0
816,844.0,1729.0,1606.0,1804.0,2064.0,2218.0,2668.0,2960.0,5040.0
817,844.0,1729.0,1593.0,1794.0,2018.0,2176.0,2654.0,3027.0,0.0
818,846.0,1737.0,1591.0,1808.0,1982.0,2217.0,2696.0,3130.0,4960.0
819,846.0,1739.0,1585.0,1771.0,2003.0,2305.0,2637.0,3018.0,5040.0
820,848.0,1743.0,1585.0,1783.0,2021.0,2264.0,2681.0,3034.0,0.0
821,849.0,1746.0,1581.0,1863.0,2070.0,2286.0,2660.0,3057.0,4960.0
822,849.0,1757.0,1572.0,1937.0,2074.0,2246.0,2676.0,3063.0,5040.0
823,850.0,1761.0,1568.0,1894.0,2013.0,2268.0,2697.0,3043.0,0.0
824,850.0,1760.0,1569.0,1848.0,2020.0,2319.0,2636.0,3068.0,4960.0
825,851.0,1759.0,1589.0,1795.0,2068.0,2329.0,2635.0,3007.0,5040.0
826,852.0,1766.0,1613.0,1717.0,2097.0,2168.0,2631.0,3065.0,0.0
827,850.0,1760.0,1641.0,1755.0,2076.0,2208.0,2647.0,3012.0,4960.0
828,848.0,1759.0,1654.0,1780.0,2078.0,2306.0,2640.0,2991.0,5040.0
829,844.0,1765.0,1692.0,1827.0,2113.0,2263.0,2647.0,3113.0,0.0
830,842.0,1764.0,1704.0,1904.0,1987.0,2169.0,2753.0,3040.0,4960.0
831,842.0,1763.0,1730.0,1861.0,1919.0,2183.0,2651.0,2995.0,5040.0
832,842.0,1762.0,1745.0,1862.0,2081.0,2272.0,2510.0,3080.0,0.0
833,844.0,1760.0,1754.0,1765.0,2047.0,2324.0,2695.0,3061.0,4960.0
834,844.0,1757.0,1725.0,1705.0,1922.0,2244.0,2726.0,2988.0,5040.0
835,844.0,1751.0,1703.0,1732.0,1931.0,2276.0,2605.0,3059.0,0.0
836,845.0,1749.0,1665.0,1783.0,2028.0,2241.0,2640.0,3121.0,4960.0
837,844.0,1744.0,1650.0,1834.0,2032.0,2144.0,2617.0,2990.0,5040.0
838,846.0,1745.0,1655.0,1829.0,2009.0,2245.0,2695.0,3004.0,0.0
839,846.0,1741.0,1665.0,1816.0,2023.0,2243.0,2681.0,3158.0,4960.0
840,847.0,1741.0,1675.0,1754.0,2052.0,2244.0,2595.0,2997.0,5040.0
841,849.0,1745.0,1662.0,1760.0,1980.0,2217.0,2654.0,3063.0,0.0
842,850.0,1736.0,1662.0,1780.0,2045.0,2270.0,2636.0,3087.0,4960.0
843,851.0,1729.0,1646.0,1747.0,2046.0,2258.0,2621.0,2929.0,5040.0
844,853.0,1725.0,1633.0,1726.0,2026.0,2231.0,2626.0,3062.0,0.0
845,855.0,1717.0,1626.0,1801.0,1987.0,2175.0,2699.0,3155.0,4960.0
846,856.0,1719.0,1610.0,1849.0,1971.0,2305.0,2727.0,2928.0,5040.0
847,856.0,1724.0,1622.0,1851.0,1959.0,2291.0,2651.0,3074.0,0.0
848,857.0,1723.0,1616.0,1847.0,2048.0,2269.0,2591.0,3081.0,4960.0
849,858.0,1722.0,1588.0,1813.0,2010.0,2188.0,2654.0,2988.0,5040.0
850,864.0,1725.0,1532.0,1789.0,1956.0,2186.0,2718.0,3035.0,0.0
851,864.0,1726.0,1510.0,1752.0,1963.0,2225.0,2631.0,3084.0,4960.0
852,864.0,1728.0,1509.0,1778.0,2077.0,2345.0,2607.0,3018.0,5040.0
853,864.0,1726.0,1527.0,1750.0,2061.0,2240.0,2734.0,3088.0,0.0
854,867.0,1722.0,1524.0,1773.0,2024.0,2229.0,2617.0,3034.0,4960.0
855,867.0,1716.0,1560.0,1814.0,1993.0,2222.0,2565.0,3063.0,5040.0
856,867.0,1724.0,1563.0,1836.0,2040.0,2285.0,2794.0,3065.0,0.0
857,868.0,1725.0,1567.0,1832.0,2037.0,2243.0,2711.0,3029.0,4960.0
858,869.0,1727.0,1592.0,1774.0,2033.0,2216.0,2553.0,3080.0,5040.0
859,869.0,1728.0,1605.0,1773.0,2013.0,2254.0,2645.0,3007.0,0.0
860,870.0,1732.0,1623.0,1804.0,2024.0,2250.0,2744.0,3065.0,4960.0
861,873.0,1733.0,1636.0,1814.0,2005.0,2218.0,2640.0,3038.0,5040.0
862,872.0,1732.0,1638.0,1793.0,2046.0,2243.0,2608.0,3044.0,0.0
863,872.0,1733.0,1645.0,1756.0,2022.0,2240.0,2645.0,3052.0,4960.0
864,873.0,1734.0,1662.0,1730.0,2102.0,2203.0,2757.0,3015.0,5040.0
865,873.0,1735.0,1662.0,1741.0,2034.0,2194.0,2573.0,3040.0,0.0
866,873.0,1738.0,1674.0,1797.0,2014.0,2197.0,2554.0,3107.0,4960.0
867,874.0,1741.0,1675.0,1837.0,2035.0,2323.0,2762.0,3007.0,5040.0
868,873.0,1745.0,1667.0,1862.0,2000.0,2371.0,2680.0,3068.0,0.0
869,872.0,1753.0,1654.0,1857.0,1950.0,2150.0,2643.0,3068.0,4960.0
870,872.0,1757.0,1685.0,1832.0,1949.0,2121.0,2604.0,2996.0,5040.0
871,874.0,1763.0,1692.0,1850.0,1949.0,2330.0,2609.0,3107.0,0.0
872,874.0,1759.0,1688.0,1784.0,2079.0,2336.0,2662.0,2994.0,4960.0
873,873.0,1759.0,1678.0,1776.0,2117.0,2295.0,2635.0,3045.0,5040.0
874,875.0,1761.0,1673.0,1781.0,1972.0,2218.0,2637.0,3122.0,0.0
875,874.0,1758.0,1644.0,1825.0,1896.0,2170.0,2686.0,3003.0,4960.0
876,870.0,1755.0,1639.0,1835.0,1906.0,2237.0,2589.0,3026.0,5040.0
877,868.0,1749.0,1612.0,1818.0,2056.0,2282.0,2591.0,3096.0,0.0
878,869.0,1740.0,1613.0,1835.0,2066.0,2247.0,2668.0,3009.0,4960.0
879,868.0,1734.0,1623.0,1787.0,1997.0,2140.0,2670.0,3065.0,5040.0
880,868.0,1737.0,1668.0,1824.0,2045.0,2352.0,2582.0,3050.0,0.0
881,869.0,1737.0,1664.0,1790.0,2026.0,2329.0,2687.0,3026.0,4960.0
882,870.0,1740.0,1660.0,1831.0,2005.0,2170.0,2716.0,3020.0,5040.0
883,871.0,1737.0,1682.0,1826.0,1919.0,2229.0,2660.0,3043.0,0.0
884,873.0,1737.0,1688.0,1829.0,1985.0,2342.0,2572.0,3088.0,4960.0
885,873.0,1738.0,1690.0,1822.0,2051.0,2161.0,2599.0,3045.0,5040.0
886,874.0,1741.0,1687.0,1810.0,2010.0,2240.0,2725.0,2992.0,0.0
887,874.0,1747.0,1683.0,1846.0,1987.0,2245.0,2708.0,3100.0,4960.0
888,875.0,1747.0,1642.0,1841.0,1935.0,2254.0,2631.0,3018.0,5040.0
889,876.0,1746.0,1614.0,1781.0,1974.0,2269.0,2661.0,3040.0,0.0
890,877.0,1751.0,1616.0,1773.0,2047.0,2171.0,2663.0,3036.0,4960.0
891,877.0,1752.0,1633.0,1724.0,2007.0,2197.0,2644.0,3070.0,5040.0
892,878.0,1752.0,1638.0,1754.0,1989.0,2294.0,2666.0,3018.0,0.0
893,879.0,1755.0,1642.0,1750.0,1998.0,2204.0,2652.0,3073.0,4960.0
894,879.0,1750.0,1622.0,1742.0,2135.0,2213.0,2624.0,3052.0,5040.0
895,880.0,1744.0,1624.0,1803.0,2064.0,2247.0,2638.0,3065.0,0.0
896,881.0,1731.0,1654.0,1789.0,1959.0,2310.0,2647.0,3064.0,4960.0
897,878.0,1725.0,1676.0,1791.0,2020.0,2183.0,2718.0,3028.0,5040.0
898,876.0,1724.0,1670.0,1798.0,2027.0,2205.0,2682.0,3034.0,0.0
899,877.0,1719.0,1663.0,1825.0,2048.0,2226.0,2615.0,3103.0,4960.0
900,877.0,1718.0,1654.0,1760.0,2014.0,2212.0,2638.0,3054.0,5040.0
901,877.0,1715.0,1669.0,1749.0,2008.0,2262.0,2691.0,2965.0,0.0
902,877.0,1715.0,1656.0,1769.0,2050.0,2256.0,2643.0,3097.0,4960.0
903,875.0,1712.0,1660.0,1798.0,2087.0,2236.0,2648.0,3060.0,5040.0
904,873.0,1710.0,1660.0,1768.0,2011.0,2218.0,2637.0,2951.0,0.0
905,875.0,1710.0,1661.0,1826.0,1990.0,2304.0,2679.0,3151.0,4960.0
906,876.0,1712.0,1655.0,1880.0,1987.0,2277.0,2599.0,3076.0,5040.0
907,877.0,1701.0,1661.0,1855.0,1943.0,2282.0,2669.0,2909.0,0.0
908,880.0,1691.0,1675.0,1780.0,2008.0,2179.0,2744.0,3140.0,4960.0
909,881.0,1682.0,1692.0,1680.0,1993.0,2210.0,2590.0,3094.0,5040.0
910,883.0,1662.0,1698.0,1698.0,2076.0,2292.0,2623.0,2961.0,0.0
911,883.0,1655.0,1694.0,1763.0,2043.0,2303.0,2703.0,3043.0,4960.0
912,885.0,1650.0,1706.0,1805.0,1975.0,2248.0,2651.0,3090.0,5040.0
913,888.0,1647.0,1693.0,1821.0,1969.0,2198.0,2676.0,2998.0,0.0
914,889.0,1645.0,1691.0,1824.0,2032.0,2169.0,2655.0,3051.0,4960.0
915,888.0,1639.0,1686.0,1783.0,2127.0,2263.0,2602.0,3094.0,5040.0
916,888.0,1623.0,1684.0,1772.0,2004.0,2338.0,2665.0,3055.0,0.0
917,888.0,1604.0,1663.0,1801.0,1985.0,2247.0,2677.0,3007.0,4960.0
918,888.0,1596.0,1664.0,1813.0,2044.0,2146.0,2669.0,3071.0,5040.0
919,888.0,1591.0,1693.0,1841.0,2043.0,2260.0,2609.0,3087.0,0.0
920,890.0,1591.0,1719.0,1797.0,1972.0,2375.0,2650.0,3014.0,4960.0
921,891.0,1592.0,1727.0,1858.0,2022.0,2238.0,2733.0,3050.0,5040.0
922,891.0,1588.0,1735.0,1870.0,1992.0,2142.0,2642.0,3070.0,0.0
923,892.0,1579.0,1739.0,1836.0,1949.0,2186.0,2574.0,2983.0,4960.0
924,893.0,1574.0,1732.0,1766.0,2001.0,2249.0,2648.0,3082.0,5040.0
925,893.0,1572.0,1744.0,1708.0,2081.0,2315.0,2674.0,3041.0,0.0
926,894.0,1567.0,1745.0,1753.0,2011.0,2210.0,2656.0,3034.0,4960.0
927,895.0,1560.0,1728.0,1860.0,1977.0,2094.0,2669.0,3027.0,5040.0
928,895.0,1552.0,1706.0,1833.0,1995.0,2265.0,2651.0,3065.0,0.0
929,895.0,1551.0,1691.0,1914.0,2083.0,2294.0,2649.0,3024.0,4960.0
930,898.0,1555.0,1663.0,1905.0,2118.0,2286.0,2668.0,2989.0,5040.0
931,899.0,1553.0,1653.0,1852.0,2009.0,2210.0,2619.0,3134.0,0.0
932,899.0,1556.0,1635.0,1822.0,1999.0,2180.0,2639.0,3021.0,4960.0
933,899.0,1559.0,1620.0,1749.0,1977.0,2195.0,2718.0,3069.0,5040.0
934,900.0,1561.0,1626.0,1759.0,1967.0,2201.0,2656.0,3039.0,0.0
935,900.0,1558.0,1628.0,1807.0,1988.0,2230.0,2566.0,3085.0,4960.0
936,900.0,1562.0,1639.0,1806.0,1984.0,2245.0,2733.0,3015.0,5040.0
937,900.0,1555.0,1656.0,1822.0,1894.0,2262.0,2736.0,3016.0,0.0
938,901.0,1556.0,1640.0,1809.0,1948.0,2291.0,2490.0,3072.0,4960.0
939,902.0,1555.0,1644.0,1878.0,1976.0,2220.0,2653.0,3137.0,5040.0
940,903.0,1549.0,1647.0,1892.0,2007.0,2162.0,2713.0,2965.0,0.0
941,902.0,1547.0,1652.0,1886.0,2037.0,2223.0,2611.0,3018.0,4960.0
942,901.0,1546.0,1664.0,1844.0,2033.0,2289.0,2590.0,3157.0,5040.0
943,900.0,1538.0,1665.0,1723.0,1948.0,2207.0,2721.0,2972.0,0.0
944,899.0,1535.0,1662.0,1740.0,1982.0,2234.0,2665.0,3007.0,4960.0
945,896.0,1534.0,1694.0,1724.0,1944.0,2198.0,2600.0,3139.0,5040.0
946,895.0,1533.0,1692.0,1720.0,2014.0,2215.0,2662.0,3030.0,0.0
947,893.0,1534.0,1679.0,1794.0,2058.0,2250.0,2653.0,2926.0,4960.0
948,892.0,1539.0,1652.0,1856.0,2040.0,2286.0,2659.0,3149.0,5040.0
949,892.0,1545.0,1623.0,1872.0,1977.0,2253.0,2607.0,3039.0,0.0
950,892.0,1547.0,1613.0,1907.0,2026.0,2194.0,2693.0,2991.0,4960.0
951,894.0,1549.0,1608.0,1882.0,2033.0,2231.0,2620.0,3108.0,5040.0
952,895.0,1547.0,1595.0,1787.0,1979.0,2256.0,2624.0,3034.0,0.0
953,896.0,1548.0,1609.0,1735.0,2049.0,2314.0,2649.0,3001.0,4960.0
954,896.0,1548.0,1597.0,1744.0,1963.0,2246.0,2687.0,3101.0,5040.0
955,897.0,1546.0,1584.0,1773.0,1932.0,2167.0,2611.0,2999.0,0.0
956,899.0,1553.0,1586.0,1818.0,2004.0,2230.0,2693.0,3027.0,4960.0
957,903.0,1562.0,1584.0,1905.0,2054.0,2262.0,2728.0,3061.0,5040.0
958,904.0,1564.0,1587.0,1904.0,2037.0,2246.0,2568.0,3074.0,0.0
959,904.0,1574.0,1614.0,1833.0,2024.0,2219.0,2558.0,3061.0,4960.0
960,904.0,1583.0,1623.0,1749.0,2017.0,2166.0,2732.0,2994.0,5040.0
961,908.0,1589.0,1636.0,1664.0,2037.0,2213.0,2638.0,3088.0,0.0
962,908.0,1590.0,1660.0,1698.0,2010.0,2245.0,2554.0,3017.0,4960.0
963,908.0,1600.0,1671.0,1708.0,1971.0,2253.0,2701.0,3079.0,5040.0
964,909.0,1608.0,1679.0,1745.0,1955.0,2266.0,2731.0,3052.0,0.0
965,909.0,1612.0,1687.0,1797.0,2013.0,2292.0,2638.0,3029.0,4960.0
966,912.0,1615.0,1702.0,1792.0,2053.0,2304.0,2589.0,3079.0,5040.0
967,913.0,1622.0,1715.0,1836.0,2066.0,2142.0,2665.0,2996.0,0.0
968,914.0,1619.0,1727.0,1796.0,1955.0,2202.0,2740.0,3043.0,4960.0
969,915.0,1622.0,1721.0,1778.0,1915.0,2317.0,2628.0,3088.0,5040.0
970,917.0,1619.0,1722.0,1782.0,2060.0,2303.0,2571.0,3009.0,0.0
971,917.0,1615.0,1723.0,1777.0,2050.0,2239.0,2639.0,3034.0,4960.0
972,918.0,1610.0,1716.0,1788.0,2028.0,2231.0,2696.0,3063.0,5040.0
973,918.0,1615.0,1714.0,1750.0,1991.0,2280.0,2663.0,3079.0,0.0
974,919.0,1618.0,1705.0,1796.0,2024.0,2249.0,2662.0,2990.0,4960.0
975,919.0,1618.0,1678.0,1857.0,1942.0,2248.0,2655.0,3039.0,5040.0
976,920.0,1621.0,1686.0,1841.0,1982.0,2201.0,2655.0,3017.0,0.0
977,920.0,1618.0,1661.0,1885.0,2030.0,2197.0,2635.0,3019.0,4960.0
978,920.0,1612.0,1637.0,1781.0,2064.0,2271.0,2711.0,3068.0,5040.0
979,920.0,1609.0,1615.0,1728.0,2054.0,2241.0,2590.0,3013.0,0.0
980,921.0,1598.0,1611.0,1745.0,2044.0,2287.0,2695.0,3014.0,4960.0
981,921.0,1590.0,1617.0,1755.0,2010.0,2205.0,2586.0,3114.0,5040.0
982,921.0,1585.0,1607.0,1750.0,1967.0,2172.0,2627.0,3004.0,0.0
983,921.0,1575.0,1602.0,1718.0,1925.0,2242.0,2694.0,3050.0,4960.0
984,923.0,1569.0,1620.0,1685.0,2006.0,2267.0,2603.0,3101.0,5040.0
985,923.0,1573.0,1629.0,1767.0,2051.0,2266.0,2664.0,3062.0,0.0
986,924.0,1570.0,1648.0,1834.0,2096.0,2297.0,2625.0,3024.0,4960.0
987,924.0,1577.0,1662.0,1816.0,2089.0,2255.0,2648.0,3095.0,5040.0
988,924.0,1583.0,1664.0,1826.0,2049.0,2151.0,2573.0,3024.0,0.0
989,924.0,1601.0,1681.0,1862.0,1960.0,2286.0,2643.0,3033.0,4960.0
990,924.0,1602.0,1710.0,1806.0,2021.0,2366.0,2687.0,3093.0,5040.0
991,925.0,1603.0,1728.0,1721.0,2098.0,2207.0,2694.0,3059.0,0.0
992,925.0,1604.0,1733.0,1680.0,2017.0,2181.0,2638.0,3051.0,4960.0
993,927.0,1609.0,1738.0,1783.0,1979.0,2201.0,2579.0,2973.0,5040.0
994,927.0,1616.0,1726.0,1782.0,1916.0,2319.0,2702.0,3110.0,0.0
995,927.0,1623.0,1740.0,1768.0,1977.0,2252.0,2681.0,3011.0,4960.0
996,928.0,1626.0,1763.0,1857.0,2064.0,2237.0,2580.0,3066.0,5040.0
997,928.0,1624.0,1788.0,1839.0,2107.0,2224.0,2622.0,3024.0,0.0
998,928.0,1626.0,1768.0,1818.0,1992.0,2229.0,2769.0,3037.0,4960.0
999,928.0,1624.0,1754.0,1770.0,1963.0,2298.0,2650.0,3063.0,5040.0
